180 819 1.08576 701 799 0.120713 800 400 0 20 350 0
180 819 1.08576 701 799 0.120713 801 400 -0.0694882 20 350 0
180 819 1.08576 701 799 0.120713 801 400 -0.0694882 20 350 0.00329603
180 819 1.08576 701 799 0.120713 801 400 -0.0694882 20 350 0.00329603
180 818 0.685068 701 799 0.235662 801 400 -0.0694882 20 350 0.00329603
180 818 0.685068 701 799 0.235662 801 400 -0.136642 20 350 0.00329603
180 818 0.685068 701 799 0.235662 801 400 -0.136642 21 349 0.00655508
180 818 0.685068 701 799 0.235662 801 400 -0.136642 21 349 0.00655508
181 817 0.347565 702 799 0.345255 801 400 -0.136642 21 349 0.00655508
181 817 0.347565 702 799 0.345255 802 400 -0.201579 21 349 0.00655508
181 817 0.347565 702 799 0.345255 802 400 -0.201579 22 349 0.00977734
181 817 0.347565 702 799 0.345255 802 400 -0.201579 22 349 0.00977734
182 817 0.0587787 703 799 0.449866 802 400 -0.201579 22 349 0.00977734
182 817 0.0587787 703 799 0.449866 803 400 -0.26441 22 349 0.00977734
182 817 0.0587787 703 799 0.449866 803 400 -0.26441 23 349 0.012963
182 817 0.0587787 703 799 0.449866 803 400 -0.26441 23 349 0.012963
183 817 -0.191097 704 798 0.549837 803 400 -0.26441 23 349 0.012963
183 817 -0.191097 704 798 0.549837 804 400 -0.325237 23 349 0.012963
183 817 -0.191097 704 798 0.549837 804 400 -0.325237 24 349 0.0161123
183 817 -0.191097 704 798 0.549837 804 400 -0.325237 24 349 0.0161123
183 817 -0.408826 705 798 0.645482 804 400 -0.325237 24 349 0.0161123
183 817 -0.408826 705 798 0.645482 805 401 -0.384157 24 349 0.0161123
183 817 -0.408826 705 798 0.645482 805 401 -0.384157 25 349 0.0192255
183 817 -0.408826 705 798 0.645482 805 401 -0.384157 25 349 0.0192255
184 817 -0.599197 706 797 0.750786 805 401 -0.384157 25 349 0.0192255
184 817 -0.599197 706 797 0.750786 806 401 -0.44126 25 349 0.0192255
184 817 -0.599197 706 797 0.750786 806 401 -0.44126 26 349 0.0223026
184 817 -0.599197 706 797 0.750786 806 401 -0.44126 26 349 0.0223026
185 818 -0.765714 707 797 0.851297 806 401 -0.44126 26 349 0.0223026
185 818 -0.765714 707 797 0.851297 807 401 -0.49663 26 349 0.0223026
185 818 -0.765714 707 797 0.851297 807 401 -0.49663 27 349 0.025344
185 818 -0.765714 707 797 0.851297 807 401 -0.49663 27 349 0.025344
186 819 -0.911031 707 796 0.947347 807 401 -0.49663 27 349 0.025344
186 819 -0.911031 707 796 0.947347 808 402 -0.550346 27 349 0.025344
186 819 -0.911031 707 796 0.947347 808 402 -0.550346 28 349 0.0283498
186 819 -0.911031 707 796 0.947347 808 402 -0.550346 28 349 0.0283498
186 819 -1.03724 708 795 1.03924 808 402 -0.550346 28 349 0.0283498
186 819 -1.03724 708 795 1.03924 809 402 -0.602481 28 349 0.0283498
186 819 -1.03724 708 795 1.03924 809 402 -0.602481 29 349 0.0313203
186 819 -1.03724 708 795 1.03924 809 402 -0.602481 29 349 0.0313203
187 820 -1.14605 708 794 1.12724 809 402 -0.602481 29 349 0.0313203
187 820 -1.14605 708 794 1.12724 810 403 -0.653104 29 349 0.0313203
187 820 -1.14605 708 794 1.12724 810 403 -0.653104 30 349 0.0342556
187 820 -1.14605 708 794 1.12724 810 403 -0.653104 30 349 0.0342556
187 821 -1.23895 709 793 1.2116 810 403 -0.653104 30 349 0.0342556
187 821 -1.23895 709 793 1.2116 811 403 -0.702281 30 349 0.0342556
187 821 -1.23895 709 793 1.2116 811 403 -0.702281 31 349 0.0371559
187 821 -1.23895 709 793 1.2116 811 403 -0.702281 31 349 0.0371559
188 822 -1.31723 709 792 1.29254 811 403 -0.702281 31 349 0.0371559
188 822 -1.31723 709 792 1.29254 811 404 -0.750073 31 349 0.0371559
188 822 -1.31723 709 792 1.29254 811 404 -0.750073 32 349 0.0400214
188 822 -1.31723 709 792 1.29254 811 404 -0.750073 32 349 0.0400214
188 823 -1.3821 709 791 1.37026 811 404 -0.750073 32 349 0.0400214
188 823 -1.3821 709 791 1.37026 812 405 -0.796535 32 349 0.0400214
188 823 -1.3821 709 791 1.37026 812 405 -0.796535 33 349 0.0428523
188 823 -1.3821 709 791 1.37026 812 405 -0.796535 33 349 0.0428523
188 824 -1.43468 710 790 1.44495 812 405 -0.796535 33 349 0.0428523
188 824 -1.43468 710 790 1.44495 813 406 -0.841722 33 349 0.0428523
188 824 -1.43468 710 790 1.44495 813 406 -0.841722 34 349 0.0456488
188 824 -1.43468 710 790 1.44495 813 406 -0.841722 34 349 0.0456488
188 825 -1.47603 710 789 1.51678 813 406 -0.841722 34 349 0.0456488
188 825 -1.47603 710 789 1.51678 813 406 -0.885683 34 349 0.0456488
188 825 -1.47603 710 789 1.51678 813 406 -0.885683 35 349 0.0484112
188 825 -1.47603 710 789 1.51678 813 406 -0.885683 35 349 0.0484112
188 826 -1.50717 710 788 1.58589 813 406 -0.885683 35 349 0.0484112
188 826 -1.50717 710 788 1.58589 814 407 -0.928468 35 349 0.0484112
188 826 -1.50717 710 788 1.58589 814 407 -0.928468 36 349 0.0511395
188 826 -1.50717 710 788 1.58589 814 407 -0.928468 36 349 0.0511395
188 827 -1.52907 710 787 1.65242 814 407 -0.928468 36 349 0.0511395
188 827 -1.52907 710 787 1.65242 815 408 -0.970119 36 349 0.0511395
188 827 -1.52907 710 787 1.65242 815 408 -0.970119 37 349 0.0538341
188 827 -1.52907 710 787 1.65242 815 408 -0.970119 37 349 0.0538341
188 828 -1.54264 710 786 1.7165 815 408 -0.970119 37 349 0.0538341
188 828 -1.54264 710 786 1.7165 815 409 -1.01068 37 349 0.0538341
188 828 -1.54264 710 786 1.7165 815 409 -1.01068 38 349 0.056495
188 828 -1.54264 710 786 1.7165 815 409 -1.01068 38 349 0.056495
188 828 -1.54872 710 785 1.77825 815 409 -1.01068 38 349 0.056495
188 828 -1.54872 710 785 1.77825 816 410 -1.05019 38 349 0.056495
188 828 -1.54872 710 785 1.77825 816 410 -1.05019 39 349 0.0591225
188 828 -1.54872 710 785 1.77825 816 410 -1.05019 39 349 0.0591225
188 829 -1.54813 709 784 1.83777 816 410 -1.05019 39 349 0.0591225
188 829 -1.54813 709 784 1.83777 816 410 -1.08868 39 349 0.0591225
188 829 -1.54813 709 784 1.83777 816 410 -1.08868 40 349 0.0617167
188 829 -1.54813 709 784 1.83777 816 410 -1.08868 40 349 0.0617167
188 830 -1.54158 709 783 1.89516 816 410 -1.08868 40 349 0.0617167
188 830 -1.54158 709 783 1.89516 817 411 -1.1262 40 349 0.0617167
188 830 -1.54158 709 783 1.89516 817 411 -1.1262 41 349 0.0642779
188 830 -1.54158 709 783 1.89516 817 411 -1.1262 41 349 0.0642779
189 831 -1.52973 709 782 1.95051 817 411 -1.1262 41 349 0.0642779
189 831 -1.52973 709 782 1.95051 817 412 -1.16277 41 349 0.0642779
189 831 -1.52973 709 782 1.95051 817 412 -1.16277 42 349 0.0668063
189 831 -1.52973 709 782 1.95051 817 412 -1.16277 42 349 0.0668063
189 832 -1.51318 708 782 2.01739 817 412 -1.16277 42 349 0.0668063
189 832 -1.51318 708 782 2.01739 818 413 -1.19843 42 349 0.0668063
189 832 -1.51318 708 782 2.01739 818 413 -1.19843 43 349 0.0693019
189 832 -1.51318 708 782 2.01739 818 413 -1.19843 43 349 0.0693019
189 833 -1.49242 708 781 2.08171 818 413 -1.19843 43 349 0.0693019
189 833 -1.49242 708 781 2.08171 818 414 -1.23321 43 349 0.0693019
189 833 -1.49242 708 781 2.08171 818 414 -1.23321 44 349 0.0717651
189 833 -1.49242 708 781 2.08171 818 414 -1.23321 44 349 0.0717651
189 834 -1.46792 707 780 2.14359 818 414 -1.23321 44 349 0.0717651
189 834 -1.46792 707 780 2.14359 818 415 -1.26713 44 349 0.0717651
189 834 -1.46792 707 780 2.14359 818 415 -1.26713 45 349 0.074196
189 834 -1.46792 707 780 2.14359 818 415 -1.26713 45 349 0.074196
189 835 -1.44002 707 779 2.20314 818 415 -1.26713 45 349 0.074196
189 835 -1.44002 707 779 2.20314 818 416 -1.30023 45 349 0.074196
189 835 -1.44002 707 779 2.20314 818 416 -1.30023 46 348 0.0765948
189 835 -1.44002 707 779 2.20314 818 416 -1.30023 46 348 0.0765948
189 836 -1.40904 706 778 2.26046 818 416 -1.30023 46 348 0.0765948
189 836 -1.40904 706 778 2.26046 819 417 -1.33252 46 348 0.0765948
189 836 -1.40904 706 778 2.26046 819 417 -1.33252 47 348 0.0789616
189 836 -1.40904 706 778 2.26046 819 417 -1.33252 47 348 0.0789616
189 837 -1.37521 706 777 2.31564 819 417 -1.33252 47 348 0.0789616
189 837 -1.37521 706 777 2.31564 819 418 -1.36404 47 348 0.0789616
189 837 -1.37521 706 777 2.31564 819 418 -1.36404 48 348 0.0812967
189 837 -1.37521 706 777 2.31564 819 418 -1.36404 48 348 0.0812967
189 838 -1.33869 705 777 2.36877 819 418 -1.36404 48 348 0.0812967
189 838 -1.33869 705 777 2.36877 819 419 -1.3948 48 348 0.0812967
189 838 -1.33869 705 777 2.36877 819 419 -1.3948 49 348 0.0836002
189 838 -1.33869 705 777 2.36877 819 419 -1.3948 49 348 0.0836002
190 839 -1.29959 704 776 2.41992 819 419 -1.3948 49 348 0.0836002
190 839 -1.29959 704 776 2.41992 819 420 -1.42483 49 348 0.0836002
190 839 -1.29959 704 776 2.41992 819 420 -1.42483 50 348 0.0858724
190 839 -1.29959 704 776 2.41992 819 420 -1.42483 50 348 0.0858724
190 840 -1.25793 704 775 2.46916 819 420 -1.42483 50 348 0.0858724
190 840 -1.25793 704 775 2.46916 820 421 -1.45415 50 348 0.0858724
190 840 -1.25793 704 775 2.46916 820 421 -1.45415 51 348 0.0881134
190 840 -1.25793 704 775 2.46916 820 421 -1.45415 51 348 0.0881134
190 841 -1.21369 703 775 2.51657 820 421 -1.45415 51 348 0.0881134
190 841 -1.21369 703 775 2.51657 820 422 -1.48278 51 348 0.0881134
190 841 -1.21369 703 775 2.51657 820 422 -1.48278 52 348 0.0903233
190 841 -1.21369 703 775 2.51657 820 422 -1.48278 52 348 0.0903233
191 841 -1.16676 702 774 2.56221 820 422 -1.48278 52 348 0.0903233
191 841 -1.16676 702 774 2.56221 820 423 -1.51074 52 348 0.0903233
191 841 -1.16676 702 774 2.56221 820 423 -1.51074 53 348 0.0925024
191 841 -1.16676 702 774 2.56221 820 423 -1.51074 53 348 0.0925024
191 842 -1.11695 701 774 2.60613 820 423 -1.51074 53 348 0.0925024
191 842 -1.11695 701 774 2.60613 820 424 -1.53805 53 348 0.0925024
191 842 -1.11695 701 774 2.60613 820 424 -1.53805 54 348 0.0946509
191 842 -1.11695 701 774 2.60613 820 424 -1.53805 54 348 0.0946509
191 843 -1.064 700 773 2.64839 820 424 -1.53805 54 348 0.0946509
191 843 -1.064 700 773 2.64839 820 425 -1.56473 54 348 0.0946509
191 843 -1.064 700 773 2.64839 820 425 -1.56473 55 348 0.0967688
191 843 -1.064 700 773 2.64839 820 425 -1.56473 55 348 0.0967688
192 844 -1.00752 699 773 2.68904 820 425 -1.56473 55 348 0.0967688
192 844 -1.00752 699 773 2.68904 820 426 -1.59079 55 348 0.0967688
192 844 -1.00752 699 773 2.68904 820 426 -1.59079 56 348 0.105173
192 844 -1.00752 699 773 2.68904 820 426 -1.59079 56 348 0.105173
192 845 -0.94698 698 772 2.72813 820 426 -1.59079 56 348 0.105173
192 845 -0.94698 698 772 2.72813 820 427 -1.61625 56 348 0.105173
192 845 -0.94698 698 772 2.72813 820 427 -1.61625 57 347 0.113455
192 845 -0.94698 698 772 2.72813 820 427 -1.61625 57 347 0.113455
193 845 -0.881682 698 772 2.76571 820 427 -1.61625 57 347 0.113455
193 845 -0.881682 698 772 2.76571 820 428 -1.64112 57 347 0.113455
193 845 -0.881682 698 772 2.76571 820 428 -1.64112 58 347 0.121617
193 845 -0.881682 698 772 2.76571 820 428 -1.64112 58 347 0.121617
194 846 -0.81065 697 771 2.80181 820 428 -1.64112 58 347 0.121617
194 846 -0.81065 697 771 2.80181 820 429 -1.66542 58 347 0.121617
194 846 -0.81065 697 771 2.80181 820 429 -1.66542 59 347 0.12966
194 846 -0.81065 697 771 2.80181 820 429 -1.66542 59 347 0.12966
194 847 -0.73252 696 771 2.83649 820 429 -1.66542 59 347 0.12966
194 847 -0.73252 696 771 2.83649 820 430 -1.68917 59 347 0.12966
194 847 -0.73252 696 771 2.83649 820 430 -1.68917 60 347 0.137583
194 847 -0.73252 696 771 2.83649 820 430 -1.68917 60 347 0.137583
195 847 -0.6453 695 771 2.86978 820 430 -1.68917 60 347 0.137583
195 847 -0.6453 695 771 2.86978 819 431 -1.71237 60 347 0.137583
195 847 -0.6453 695 771 2.86978 819 431 -1.71237 61 347 0.14539
195 847 -0.6453 695 771 2.86978 819 431 -1.71237 61 347 0.14539
196 848 -0.545927 694 770 2.90172 819 431 -1.71237 61 347 0.14539
196 848 -0.545927 694 770 2.90172 819 432 -1.73505 61 347 0.14539
196 848 -0.545927 694 770 2.90172 819 432 -1.73505 62 347 0.154433
196 848 -0.545927 694 770 2.90172 819 432 -1.73505 62 347 0.154433
197 848 -0.42928 693 770 2.93235 819 432 -1.73505 62 347 0.154433
197 848 -0.42928 693 770 2.93235 819 433 -1.75721 62 347 0.154433
197 848 -0.42928 693 770 2.93235 819 433 -1.75721 63 347 0.163325
197 848 -0.42928 693 770 2.93235 819 433 -1.75721 63 347 0.163325
198 849 -0.28571 692 770 2.96169 819 433 -1.75721 63 347 0.163325
198 849 -0.28571 692 770 2.96169 819 434 -1.77887 63 347 0.163325
198 849 -0.28571 692 770 2.96169 819 434 -1.77887 64 347 0.172069
198 849 -0.28571 692 770 2.96169 819 434 -1.77887 64 347 0.172069
199 849 -0.0929215 691 770 2.98979 819 434 -1.77887 64 347 0.172069
199 849 -0.0929215 691 770 2.98979 819 435 -1.80003 64 347 0.172069
199 849 -0.0929215 691 770 2.98979 819 435 -1.80003 65 346 0.179338
199 849 -0.0929215 691 770 2.98979 819 435 -1.80003 65 346 0.179338
199 849 -0.0515752 690 770 3.01668 819 435 -1.80003 65 346 0.179338
199 849 -0.0515752 690 770 3.01668 818 436 -1.82072 65 346 0.179338
199 849 -0.0515752 690 770 3.01668 818 436 -1.82072 66 346 0.186142
199 849 -0.0515752 690 770 3.01668 818 436 -1.82072 66 346 0.186142
200 849 -0.0112493 689 770 3.04238 818 436 -1.82072 66 346 0.186142
200 849 -0.0112493 689 770 3.04238 818 437 -1.84094 66 346 0.186142
200 849 -0.0112493 689 770 3.04238 818 437 -1.84094 67 346 0.192798
200 849 -0.0112493 689 770 3.04238 818 437 -1.84094 67 346 0.192798
201 849 0.0280886 688 769 3.06693 818 437 -1.84094 67 346 0.192798
201 849 0.0280886 688 769 3.06693 818 438 -1.8607 67 346 0.192798
201 849 0.0280886 688 769 3.06693 818 438 -1.8607 68 346 0.199308
201 849 0.0280886 688 769 3.06693 818 438 -1.8607 68 346 0.199308
202 849 0.0664688 687 769 3.09037 818 438 -1.8607 68 346 0.199308
202 849 0.0664688 687 769 3.09037 818 439 -1.88001 68 346 0.199308
202 849 0.0664688 687 769 3.09037 818 439 -1.88001 69 346 0.205674
202 849 0.0664688 687 769 3.09037 818 439 -1.88001 69 346 0.205674
203 849 0.10392 686 769 3.1127 818 439 -1.88001 69 346 0.205674
203 849 0.10392 686 769 3.1127 817 440 -1.89889 69 346 0.205674
203 849 0.10392 686 769 3.1127 817 440 -1.89889 70 345 0.211897
203 849 0.10392 686 769 3.1127 817 440 -1.89889 70 345 0.211897
204 849 0.14047 685 769 3.13398 817 440 -1.89889 70 345 0.211897
204 849 0.14047 685 769 3.13398 817 440 -1.91734 70 345 0.211897
204 849 0.14047 685 769 3.13398 817 440 -1.91734 71 345 0.217979
204 849 0.14047 685 769 3.13398 817 440 -1.91734 71 345 0.217979
205 848 0.176144 684 769 3.15421 817 440 -1.91734 71 345 0.217979
205 848 0.176144 684 769 3.15421 817 441 -1.93537 71 345 0.217979
205 848 0.176144 684 769 3.15421 817 441 -1.93537 72 345 0.223921
205 848 0.176144 684 769 3.15421 817 441 -1.93537 72 345 0.223921
206 848 0.210968 683 769 3.17343 817 441 -1.93537 72 345 0.223921
206 848 0.210968 683 769 3.17343 816 442 -1.95299 72 345 0.223921
206 848 0.210968 683 769 3.17343 816 442 -1.95299 73 345 0.229726
206 848 0.210968 683 769 3.17343 816 442 -1.95299 73 345 0.229726
207 848 0.244964 682 769 3.19167 816 442 -1.95299 73 345 0.229726
207 848 0.244964 682 769 3.19167 816 443 -1.97022 73 345 0.229726
207 848 0.244964 682 769 3.19167 816 443 -1.97022 74 345 0.235394
207 848 0.244964 682 769 3.19167 816 443 -1.97022 74 345 0.235394
208 848 0.278154 681 769 3.20895 816 443 -1.97022 74 345 0.235394
208 848 0.278154 681 769 3.20895 816 444 -1.98705 74 345 0.235394
208 848 0.278154 681 769 3.20895 816 444 -1.98705 75 344 0.240927
208 848 0.278154 681 769 3.20895 816 444 -1.98705 75 344 0.240927
209 848 0.310561 680 769 3.22529 816 444 -1.98705 75 344 0.240927
209 848 0.310561 680 769 3.22529 815 445 -2.0035 75 344 0.240927
209 848 0.310561 680 769 3.22529 815 445 -2.0035 76 344 0.246327
209 848 0.310561 680 769 3.22529 815 445 -2.0035 76 344 0.246327
210 847 0.342203 679 770 3.24073 815 445 -2.0035 76 344 0.246327
210 847 0.342203 679 770 3.24073 815 446 -2.01376 76 344 0.246327
210 847 0.342203 679 770 3.24073 815 446 -2.01376 77 344 0.251596
210 847 0.342203 679 770 3.24073 815 446 -2.01376 77 344 0.251596
211 847 0.373102 678 770 3.25527 815 446 -2.01376 77 344 0.251596
211 847 0.373102 678 770 3.25527 814 447 -2.02391 77 344 0.251596
211 847 0.373102 678 770 3.25527 814 447 -2.02391 78 344 0.256734
211 847 0.373102 678 770 3.25527 814 447 -2.02391 78 344 0.256734
212 847 0.403274 677 770 3.26896 814 447 -2.02391 78 344 0.256734
212 847 0.403274 677 770 3.26896 814 448 -2.03395 78 344 0.256734
212 847 0.403274 677 770 3.26896 814 448 -2.03395 79 343 0.261744
212 847 0.403274 677 770 3.26896 814 448 -2.03395 79 343 0.261744
212 846 0.432737 676 770 3.2818 814 448 -2.03395 79 343 0.261744
212 846 0.432737 676 770 3.2818 813 449 -2.0439 79 343 0.261744
212 846 0.432737 676 770 3.2818 813 449 -2.0439 80 343 0.266626
212 846 0.432737 676 770 3.2818 813 449 -2.0439 80 343 0.266626
213 846 0.461509 675 770 3.29383 813 449 -2.0439 80 343 0.266626
213 846 0.461509 675 770 3.29383 813 450 -2.05374 80 343 0.266626
213 846 0.461509 675 770 3.29383 813 450 -2.05374 81 343 0.271383
213 846 0.461509 675 770 3.29383 813 450 -2.05374 81 343 0.271383
214 845 0.489606 674 770 3.30506 813 450 -2.05374 81 343 0.271383
214 845 0.489606 674 770 3.30506 813 450 -2.06349 81 343 0.271383
214 845 0.489606 674 770 3.30506 813 450 -2.06349 82 343 0.276015
214 845 0.489606 674 770 3.30506 813 450 -2.06349 82 343 0.276015
215 845 0.517043 673 770 3.31553 813 450 -2.06349 82 343 0.276015
215 845 0.517043 673 770 3.31553 812 451 -2.07314 82 343 0.276015
215 845 0.517043 673 770 3.31553 812 451 -2.07314 83 342 0.280525
215 845 0.517043 673 770 3.31553 812 451 -2.07314 83 342 0.280525
216 845 0.543834 672 771 3.30291 812 451 -2.07314 83 342 0.280525
216 845 0.543834 672 771 3.30291 812 452 -2.08269 83 342 0.280525
216 845 0.543834 672 771 3.30291 812 452 -2.08269 84 342 0.284913
216 845 0.543834 672 771 3.30291 812 452 -2.08269 84 342 0.284913
217 844 0.569995 671 771 3.29062 812 452 -2.08269 84 342 0.284913
217 844 0.569995 671 771 3.29062 811 453 -2.09215 84 342 0.284913
217 844 0.569995 671 771 3.29062 811 453 -2.09215 85 342 0.289182
217 844 0.569995 671 771 3.29062 811 453 -2.09215 85 342 0.289182
217 844 0.595538 670 771 3.27863 811 453 -2.09215 85 342 0.289182
217 844 0.595538 670 771 3.27863 811 454 -2.10151 85 342 0.289182
217 844 0.595538 670 771 3.27863 811 454 -2.10151 86 341 0.293332
217 844 0.595538 670 771 3.27863 811 454 -2.10151 86 341 0.293332
218 843 0.620478 669 771 3.29077 811 454 -2.10151 86 341 0.293332
218 843 0.620478 669 771 3.29077 810 455 -2.11078 86 341 0.293332
218 843 0.620478 669 771 3.29077 810 455 -2.11078 87 341 0.297364
218 843 0.620478 669 771 3.29077 810 455 -2.11078 87 341 0.297364
219 842 0.644827 668 771 3.30203 810 455 -2.11078 87 341 0.297364
219 842 0.644827 668 771 3.30203 810 456 -2.11996 87 341 0.297364
219 842 0.644827 668 771 3.30203 810 456 -2.11996 88 341 0.301282
219 842 0.644827 668 771 3.30203 810 456 -2.11996 88 341 0.301282
220 842 0.668597 667 771 3.31244 810 456 -2.11996 88 341 0.301282
220 842 0.668597 667 771 3.31244 809 457 -2.12904 88 341 0.301282
220 842 0.668597 667 771 3.31244 809 457 -2.12904 89 341 0.305084
220 842 0.668597 667 771 3.31244 809 457 -2.12904 89 341 0.305084
220 841 0.6918 666 771 3.29679 809 457 -2.12904 89 341 0.305084
220 841 0.6918 666 771 3.29679 809 457 -2.13803 89 341 0.305084
220 841 0.6918 666 771 3.29679 809 457 -2.13803 90 340 0.308774
220 841 0.6918 666 771 3.29679 809 457 -2.13803 90 340 0.308774
221 841 0.714447 665 772 3.2816 809 457 -2.13803 90 340 0.308774
221 841 0.714447 665 772 3.2816 808 458 -2.14694 90 340 0.308774
221 841 0.714447 665 772 3.2816 808 458 -2.14694 91 340 0.312353
221 841 0.714447 665 772 3.2816 808 458 -2.14694 91 340 0.312353
222 840 0.73655 664 772 3.26688 808 458 -2.14694 91 340 0.312353
222 840 0.73655 664 772 3.26688 807 459 -2.15575 91 340 0.312353
222 840 0.73655 664 772 3.26688 807 459 -2.15575 91 340 0.315821
222 840 0.73655 664 772 3.26688 807 459 -2.15575 91 340 0.315821
223 839 0.75812 663 772 3.25258 807 459 -2.15575 91 340 0.315821
223 839 0.75812 663 772 3.25258 807 460 -2.16447 91 340 0.315821
223 839 0.75812 663 772 3.25258 807 460 -2.16447 92 339 0.31918
223 839 0.75812 663 772 3.25258 807 460 -2.16447 92 339 0.31918
223 839 0.779166 662 772 3.2387 807 460 -2.16447 92 339 0.31918
223 839 0.779166 662 772 3.2387 806 461 -2.17311 92 339 0.31918
223 839 0.779166 662 772 3.2387 806 461 -2.17311 93 339 0.322432
223 839 0.779166 662 772 3.2387 806 461 -2.17311 93 339 0.322432
224 838 0.799698 661 772 3.22522 806 461 -2.17311 93 339 0.322432
224 838 0.799698 661 772 3.22522 806 462 -2.18166 93 339 0.322432
224 838 0.799698 661 772 3.22522 806 462 -2.18166 94 339 0.325577
224 838 0.799698 661 772 3.22522 806 462 -2.18166 94 339 0.325577
225 837 0.819728 660 772 3.19622 806 462 -2.18166 94 339 0.325577
225 837 0.819728 660 772 3.19622 805 462 -2.19013 94 339 0.325577
225 837 0.819728 660 772 3.19622 805 462 -2.19013 95 338 0.328618
225 837 0.819728 660 772 3.19622 805 462 -2.19013 95 338 0.328618
225 837 0.839263 659 772 3.16836 805 462 -2.19013 95 338 0.328618
225 837 0.839263 659 772 3.16836 805 463 -2.19851 95 338 0.328618
225 837 0.839263 659 772 3.16836 805 463 -2.19851 96 338 0.331555
225 837 0.839263 659 772 3.16836 805 463 -2.19851 96 338 0.331555
226 836 0.858313 658 772 3.14159 805 463 -2.19851 96 338 0.331555
226 836 0.858313 658 772 3.14159 804 464 -2.2068 96 338 0.331555
226 836 0.858313 658 772 3.14159 804 464 -2.2068 97 338 0.334389
226 836 0.858313 658 772 3.14159 804 464 -2.2068 97 338 0.334389
226 835 0.876888 657 772 3.11587 804 464 -2.2068 97 338 0.334389
226 835 0.876888 657 772 3.11587 803 465 -2.21501 97 338 0.334389
226 835 0.876888 657 772 3.11587 803 465 -2.21501 98 337 0.337123
226 835 0.876888 657 772 3.11587 803 465 -2.21501 98 337 0.337123
227 835 0.894996 656 772 3.09116 803 465 -2.21501 98 337 0.337123
227 835 0.894996 656 772 3.09116 803 466 -2.22314 98 337 0.337123
227 835 0.894996 656 772 3.09116 803 466 -2.22314 99 337 0.339756
227 835 0.894996 656 772 3.09116 803 466 -2.22314 99 337 0.339756
228 834 0.912645 655 772 3.06741 803 466 -2.22314 99 337 0.339756
228 834 0.912645 655 772 3.06741 802 466 -2.23119 99 337 0.339756
228 834 0.912645 655 772 3.06741 802 466 -2.23119 100 337 0.342291
228 834 0.912645 655 772 3.06741 802 466 -2.23119 100 337 0.342291
228 833 0.929844 654 772 3.04458 802 466 -2.23119 100 337 0.342291
228 833 0.929844 654 772 3.04458 802 467 -2.23916 100 337 0.342291
228 833 0.929844 654 772 3.04458 802 467 -2.23916 101 336 0.344728
228 833 0.929844 654 772 3.04458 802 467 -2.23916 101 336 0.344728
229 832 0.946601 653 772 3.02264 802 467 -2.23916 101 336 0.344728
229 832 0.946601 653 772 3.02264 801 468 -2.24704 101 336 0.344728
229 832 0.946601 653 772 3.02264 801 468 -2.24704 102 336 0.347069
229 832 0.946601 653 772 3.02264 801 468 -2.24704 102 336 0.347069
229 832 0.962924 652 772 3.00154 801 468 -2.24704 102 336 0.347069
229 832 0.962924 652 772 3.00154 800 469 -2.25485 102 336 0.347069
229 832 0.962924 652 772 3.00154 800 469 -2.25485 103 336 0.349316
229 832 0.962924 652 772 3.00154 800 469 -2.25485 103 336 0.349316
230 831 0.97882 651 772 2.98125 800 469 -2.25485 103 336 0.349316
230 831 0.97882 651 772 2.98125 800 470 -2.26258 103 336 0.349316
230 831 0.97882 651 772 2.98125 800 470 -2.26258 104 335 0.351468
230 831 0.97882 651 772 2.98125 800 470 -2.26258 104 335 0.351468
230 830 0.994298 650 771 2.96174 800 470 -2.26258 104 335 0.351468
230 830 0.994298 650 771 2.96174 799 470 -2.27023 104 335 0.351468
230 830 0.994298 650 771 2.96174 799 470 -2.27023 105 335 0.353528
230 830 0.994298 650 771 2.96174 799 470 -2.27023 105 335 0.353528
231 829 1.00936 649 771 2.92818 799 470 -2.27023 105 335 0.353528
231 829 1.00936 649 771 2.92818 798 471 -2.2778 105 335 0.353528
231 829 1.00936 649 771 2.92818 798 471 -2.2778 106 335 0.354833
231 829 1.00936 649 771 2.92818 798 471 -2.2778 106 335 0.354833
231 828 1.02403 648 771 2.90896 798 471 -2.2778 106 335 0.354833
231 828 1.02403 648 771 2.90896 798 472 -2.28529 106 335 0.354833
231 828 1.02403 648 771 2.90896 798 472 -2.28529 107 334 0.356066
231 828 1.02403 648 771 2.90896 798 472 -2.28529 107 334 0.356066
232 828 1.03829 647 771 2.90084 798 472 -2.28529 107 334 0.356066
232 828 1.03829 647 771 2.90084 797 473 -2.29271 107 334 0.356066
232 828 1.03829 647 771 2.90084 797 473 -2.29271 108 334 0.357227
232 828 1.03829 647 771 2.90084 797 473 -2.29271 108 334 0.357227
232 827 1.05216 646 771 2.89278 797 473 -2.29271 108 334 0.357227
232 827 1.05216 646 771 2.89278 796 473 -2.30006 108 334 0.357227
232 827 1.05216 646 771 2.89278 796 473 -2.30006 108 334 0.358318
232 827 1.05216 646 771 2.89278 796 473 -2.30006 108 334 0.358318
233 826 1.06566 645 770 2.88478 796 473 -2.30006 108 334 0.358318
233 826 1.06566 645 770 2.88478 796 474 -2.30733 108 334 0.358318
233 826 1.06566 645 770 2.88478 796 474 -2.30733 109 333 0.359339
233 826 1.06566 645 770 2.88478 796 474 -2.30733 109 333 0.359339
233 825 1.07877 644 770 2.87683 796 474 -2.30733 109 333 0.359339
233 825 1.07877 644 770 2.87683 795 475 -2.31453 109 333 0.359339
233 825 1.07877 644 770 2.87683 795 475 -2.31453 110 333 0.360291
233 825 1.07877 644 770 2.87683 795 475 -2.31453 110 333 0.360291
234 824 1.09152 643 770 2.86895 795 475 -2.31453 110 333 0.360291
234 824 1.09152 643 770 2.86895 794 476 -2.32165 110 333 0.360291
234 824 1.09152 643 770 2.86895 794 476 -2.32165 111 333 0.361174
234 824 1.09152 643 770 2.86895 794 476 -2.32165 111 333 0.361174
234 823 1.1039 642 770 2.86113 794 476 -2.32165 111 333 0.361174
234 823 1.1039 642 770 2.86113 794 476 -2.3287 111 333 0.361174
234 823 1.1039 642 770 2.86113 794 476 -2.3287 112 332 0.361991
234 823 1.1039 642 770 2.86113 794 476 -2.3287 112 332 0.361991
235 823 1.11592 641 769 2.85336 794 476 -2.3287 112 332 0.361991
235 823 1.11592 641 769 2.85336 793 477 -2.33568 112 332 0.361991
235 823 1.11592 641 769 2.85336 793 477 -2.33568 113 332 0.362742
235 823 1.11592 641 769 2.85336 793 477 -2.33568 113 332 0.362742
235 822 1.12759 640 769 2.84566 793 477 -2.33568 113 332 0.362742
235 822 1.12759 640 769 2.84566 792 478 -2.34259 113 332 0.362742
235 822 1.12759 640 769 2.84566 792 478 -2.34259 114 332 0.363427
235 822 1.12759 640 769 2.84566 792 478 -2.34259 114 332 0.363427
236 821 1.13892 639 769 2.83801 792 478 -2.34259 114 332 0.363427
236 821 1.13892 639 769 2.83801 792 478 -2.34942 114 332 0.363427
236 821 1.13892 639 769 2.83801 792 478 -2.34942 115 331 0.364829
236 821 1.13892 639 769 2.83801 792 478 -2.34942 115 331 0.364829
236 820 1.14991 639 768 2.83041 792 478 -2.34942 115 331 0.364829
236 820 1.14991 639 768 2.83041 791 479 -2.35619 115 331 0.364829
236 820 1.14991 639 768 2.83041 791 479 -2.35619 116 331 0.366146
236 820 1.14991 639 768 2.83041 791 479 -2.35619 116 331 0.366146
236 819 1.16057 638 768 2.82288 791 479 -2.35619 116 331 0.366146
236 819 1.16057 638 768 2.82288 790 480 -2.36289 116 331 0.366146
236 819 1.16057 638 768 2.82288 790 480 -2.36289 117 330 0.367378
236 819 1.16057 638 768 2.82288 790 480 -2.36289 117 330 0.367378
237 818 1.1709 637 768 2.81539 790 480 -2.36289 117 330 0.367378
237 818 1.1709 637 768 2.81539 790 481 -2.36952 117 330 0.367378
237 818 1.1709 637 768 2.81539 790 481 -2.36952 118 330 0.368526
237 818 1.1709 637 768 2.81539 790 481 -2.36952 118 330 0.368526
237 817 1.18091 636 767 2.80797 790 481 -2.36952 118 330 0.368526
237 817 1.18091 636 767 2.80797 789 481 -2.37608 118 330 0.368526
237 817 1.18091 636 767 2.80797 789 481 -2.37608 119 330 0.369592
237 817 1.18091 636 767 2.80797 789 481 -2.37608 119 330 0.369592
237 816 1.1906 635 767 2.8006 789 481 -2.37608 119 330 0.369592
237 816 1.1906 635 767 2.8006 788 482 -2.38258 119 330 0.369592
237 816 1.1906 635 767 2.8006 788 482 -2.38258 120 329 0.370575
237 816 1.1906 635 767 2.8006 788 482 -2.38258 120 329 0.370575
238 816 1.19998 634 767 2.79328 788 482 -2.38258 120 329 0.370575
238 816 1.19998 634 767 2.79328 787 483 -2.389 120 329 0.370575
238 816 1.19998 634 767 2.79328 787 483 -2.389 121 329 0.371479
238 816 1.19998 634 767 2.79328 787 483 -2.389 121 329 0.371479
238 815 1.20906 633 766 2.78602 787 483 -2.389 121 329 0.371479
238 815 1.20906 633 766 2.78602 787 483 -2.39536 121 329 0.371479
238 815 1.20906 633 766 2.78602 787 483 -2.39536 122 329 0.372303
238 815 1.20906 633 766 2.78602 787 483 -2.39536 122 329 0.372303
238 814 1.21784 632 766 2.77881 787 483 -2.39536 122 329 0.372303
238 814 1.21784 632 766 2.77881 786 484 -2.40166 122 329 0.372303
238 814 1.21784 632 766 2.77881 786 484 -2.40166 122 328 0.373048
238 814 1.21784 632 766 2.77881 786 484 -2.40166 122 328 0.373048
239 813 1.22633 631 766 2.77165 786 484 -2.40166 122 328 0.373048
239 813 1.22633 631 766 2.77165 785 485 -2.40789 122 328 0.373048
239 813 1.22633 631 766 2.77165 785 485 -2.40789 123 328 0.373716
239 813 1.22633 631 766 2.77165 785 485 -2.40789 123 328 0.373716
239 812 1.23452 630 765 2.76455 785 485 -2.40789 123 328 0.373716
239 812 1.23452 630 765 2.76455 784 485 -2.41406 123 328 0.373716
239 812 1.23452 630 765 2.76455 784 485 -2.41406 124 328 0.374308
239 812 1.23452 630 765 2.76455 784 485 -2.41406 124 328 0.374308
239 811 1.24244 629 765 2.7575 784 485 -2.41406 124 328 0.374308
239 811 1.24244 629 765 2.7575 784 486 -2.42016 124 328 0.374308
239 811 1.24244 629 765 2.7575 784 486 -2.42016 125 327 0.374785
239 811 1.24244 629 765 2.7575 784 486 -2.42016 125 327 0.374785
240 810 1.25008 628 765 2.7505 784 486 -2.42016 125 327 0.374785
240 810 1.25008 628 765 2.7505 783 487 -2.4262 125 327 0.374785
240 810 1.25008 628 765 2.7505 783 487 -2.4262 126 327 0.375188
240 810 1.25008 628 765 2.7505 783 487 -2.4262 126 327 0.375188
240 809 1.25744 627 764 2.74355 783 487 -2.4262 126 327 0.375188
240 809 1.25744 627 764 2.74355 782 487 -2.43218 126 327 0.375188
240 809 1.25744 627 764 2.74355 782 487 -2.43218 127 326 0.37552
240 809 1.25744 627 764 2.74355 782 487 -2.43218 127 326 0.37552
240 808 1.26453 626 764 2.73665 782 487 -2.43218 127 326 0.37552
240 808 1.26453 626 764 2.73665 781 488 -2.43809 127 326 0.37552
240 808 1.26453 626 764 2.73665 781 488 -2.43809 128 326 0.37578
240 808 1.26453 626 764 2.73665 781 488 -2.43809 128 326 0.37578
241 808 1.27137 625 763 2.7298 781 488 -2.43809 128 326 0.37578
241 808 1.27137 625 763 2.7298 781 489 -2.44395 128 326 0.37578
241 808 1.27137 625 763 2.7298 781 489 -2.44395 129 326 0.37597
241 808 1.27137 625 763 2.7298 781 489 -2.44395 129 326 0.37597
241 807 1.27794 625 763 2.723 781 489 -2.44395 129 326 0.37597
241 807 1.27794 625 763 2.723 780 489 -2.44974 129 326 0.37597
241 807 1.27794 625 763 2.723 780 489 -2.44974 130 325 0.376091
241 807 1.27794 625 763 2.723 780 489 -2.44974 130 325 0.376091
241 806 1.28426 624 763 2.71626 780 489 -2.44974 130 325 0.376091
241 806 1.28426 624 763 2.71626 779 490 -2.45547 130 325 0.376091
241 806 1.28426 624 763 2.71626 779 490 -2.45547 131 325 0.376144
241 806 1.28426 624 763 2.71626 779 490 -2.45547 131 325 0.376144
241 805 1.29033 623 762 2.70956 779 490 -2.45547 131 325 0.376144
241 805 1.29033 623 762 2.70956 778 491 -2.46114 131 325 0.376144
241 805 1.29033 623 762 2.70956 778 491 -2.46114 132 325 0.376129
241 805 1.29033 623 762 2.70956 778 491 -2.46114 132 325 0.376129
242 804 1.29616 622 762 2.70291 778 491 -2.46114 132 325 0.376129
242 804 1.29616 622 762 2.70291 778 491 -2.46675 132 325 0.376129
242 804 1.29616 622 762 2.70291 778 491 -2.46675 133 324 0.376048
242 804 1.29616 622 762 2.70291 778 491 -2.46675 133 324 0.376048
242 803 1.30175 621 761 2.6963 778 491 -2.46675 133 324 0.376048
242 803 1.30175 621 761 2.6963 777 492 -2.47231 133 324 0.376048
242 803 1.30175 621 761 2.6963 777 492 -2.47231 134 324 0.375901
242 803 1.30175 621 761 2.6963 777 492 -2.47231 134 324 0.375901
242 802 1.3071 620 761 2.68975 777 492 -2.47231 134 324 0.375901
242 802 1.3071 620 761 2.68975 776 492 -2.4778 134 324 0.375901
242 802 1.3071 620 761 2.68975 776 492 -2.4778 135 324 0.375689
242 802 1.3071 620 761 2.68975 776 492 -2.4778 135 324 0.375689
242 801 1.31222 619 761 2.68325 776 492 -2.4778 135 324 0.375689
242 801 1.31222 619 761 2.68325 775 493 -2.48324 135 324 0.375689
242 801 1.31222 619 761 2.68325 775 493 -2.48324 135 323 0.375392
242 801 1.31222 619 761 2.68325 775 493 -2.48324 135 323 0.375392
243 800 1.31712 618 760 2.67679 775 493 -2.48324 135 323 0.375392
243 800 1.31712 618 760 2.67679 774 494 -2.48862 135 323 0.375392
243 800 1.31712 618 760 2.67679 774 494 -2.48862 136 323 0.375032
243 800 1.31712 618 760 2.67679 774 494 -2.48862 136 323 0.375032
243 799 1.32179 617 760 2.67037 774 494 -2.48862 136 323 0.375032
243 799 1.32179 617 760 2.67037 774 494 -2.49394 136 323 0.375032
243 799 1.32179 617 760 2.67037 774 494 -2.49394 137 322 0.374611
243 799 1.32179 617 760 2.67037 774 494 -2.49394 137 322 0.374611
243 798 1.32625 616 759 2.66401 774 494 -2.49394 137 322 0.374611
243 798 1.32625 616 759 2.66401 773 495 -2.49921 137 322 0.374611
243 798 1.32625 616 759 2.66401 773 495 -2.49921 138 322 0.374034
243 798 1.32625 616 759 2.66401 773 495 -2.49921 138 322 0.374034
243 797 1.33049 616 759 2.65769 773 495 -2.49921 138 322 0.374034
243 797 1.33049 616 759 2.65769 772 495 -2.50442 138 322 0.374034
243 797 1.33049 616 759 2.65769 772 495 -2.50442 139 322 0.3734
243 797 1.33049 616 759 2.65769 772 495 -2.50442 139 322 0.3734
244 797 1.33453 615 758 2.65142 772 495 -2.50442 139 322 0.3734
244 797 1.33453 615 758 2.65142 771 496 -2.50958 139 322 0.3734
244 797 1.33453 615 758 2.65142 771 496 -2.50958 140 321 0.37271
244 797 1.33453 615 758 2.65142 771 496 -2.50958 140 321 0.37271
244 796 1.33835 614 758 2.64519 771 496 -2.50958 140 321 0.37271
244 796 1.33835 614 758 2.64519 770 497 -2.51468 140 321 0.37271
244 796 1.33835 614 758 2.64519 770 497 -2.51468 141 321 0.371965
244 796 1.33835 614 758 2.64519 770 497 -2.51468 141 321 0.371965
244 795 1.34198 613 757 2.639 770 497 -2.51468 141 321 0.371965
244 795 1.34198 613 757 2.639 770 497 -2.51972 141 321 0.371965
244 795 1.34198 613 757 2.639 770 497 -2.51972 142 321 0.371165
244 795 1.34198 613 757 2.639 770 497 -2.51972 142 321 0.371165
244 794 1.34541 612 757 2.63287 770 497 -2.51972 142 321 0.371165
244 794 1.34541 612 757 2.63287 769 498 -2.52472 142 321 0.371165
244 794 1.34541 612 757 2.63287 769 498 -2.52472 143 320 0.370311
244 794 1.34541 612 757 2.63287 769 498 -2.52472 143 320 0.370311
244 793 1.34865 611 756 2.62677 769 498 -2.52472 143 320 0.370311
244 793 1.34865 611 756 2.62677 768 498 -2.52966 143 320 0.370311
244 793 1.34865 611 756 2.62677 768 498 -2.52966 144 320 0.369404
244 793 1.34865 611 756 2.62677 768 498 -2.52966 144 320 0.369404
245 792 1.3517 610 756 2.62072 768 498 -2.52966 144 320 0.369404
245 792 1.3517 610 756 2.62072 767 499 -2.53454 144 320 0.369404
245 792 1.3517 610 756 2.62072 767 499 -2.53454 145 320 0.368444
245 792 1.3517 610 756 2.62072 767 499 -2.53454 145 320 0.368444
245 791 1.35456 609 755 2.61471 767 499 -2.53454 145 320 0.368444
245 791 1.35456 609 755 2.61471 766 499 -2.53938 145 320 0.368444
245 791 1.35456 609 755 2.61471 766 499 -2.53938 146 319 0.367394
245 791 1.35456 609 755 2.61471 766 499 -2.53938 146 319 0.367394
245 790 1.35724 609 755 2.60875 766 499 -2.53938 146 319 0.367394
245 790 1.35724 609 755 2.60875 766 500 -2.54416 146 319 0.367394
245 790 1.35724 609 755 2.60875 766 500 -2.54416 147 319 0.366293
245 790 1.35724 609 755 2.60875 766 500 -2.54416 147 319 0.366293
245 789 1.35974 608 754 2.60283 766 500 -2.54416 147 319 0.366293
245 789 1.35974 608 754 2.60283 765 501 -2.54889 147 319 0.366293
245 789 1.35974 608 754 2.60283 765 501 -2.54889 148 318 0.365144
245 789 1.35974 608 754 2.60283 765 501 -2.54889 148 318 0.365144
246 788 1.36207 607 754 2.59695 765 501 -2.54889 148 318 0.365144
246 788 1.36207 607 754 2.59695 764 501 -2.55357 148 318 0.365144
246 788 1.36207 607 754 2.59695 764 501 -2.55357 149 318 0.363945
246 788 1.36207 607 754 2.59695 764 501 -2.55357 149 318 0.363945
246 787 1.36423 606 753 2.59112 764 501 -2.55357 149 318 0.363945
246 787 1.36423 606 753 2.59112 763 502 -2.5582 149 318 0.363945
246 787 1.36423 606 753 2.59112 763 502 -2.5582 149 318 0.362699
246 787 1.36423 606 753 2.59112 763 502 -2.5582 149 318 0.362699
246 786 1.36622 605 753 2.58532 763 502 -2.5582 149 318 0.362699
246 786 1.36622 605 753 2.58532 762 502 -2.56278 149 318 0.362699
246 786 1.36622 605 753 2.58532 762 502 -2.56278 150 317 0.361404
246 786 1.36622 605 753 2.58532 762 502 -2.56278 150 317 0.361404
246 785 1.36804 604 752 2.57957 762 502 -2.56278 150 317 0.361404
246 785 1.36804 604 752 2.57957 761 503 -2.56731 150 317 0.361404
246 785 1.36804 604 752 2.57957 761 503 -2.56731 151 317 0.360063
246 785 1.36804 604 752 2.57957 761 503 -2.56731 151 317 0.360063
246 784 1.3697 603 752 2.57386 761 503 -2.56731 151 317 0.360063
246 784 1.3697 603 752 2.57386 761 503 -2.57179 151 317 0.360063
246 784 1.3697 603 752 2.57386 761 503 -2.57179 152 317 0.358676
246 784 1.3697 603 752 2.57386 761 503 -2.57179 152 317 0.358676
246 784 1.37121 603 751 2.56819 761 503 -2.57179 152 317 0.358676
246 784 1.37121 603 751 2.56819 760 504 -2.57622 152 317 0.358676
246 784 1.37121 603 751 2.56819 760 504 -2.57622 153 316 0.357242
246 784 1.37121 603 751 2.56819 760 504 -2.57622 153 316 0.357242
247 783 1.37256 602 751 2.56256 760 504 -2.57622 153 316 0.357242
247 783 1.37256 602 751 2.56256 759 504 -2.5806 153 316 0.357242
247 783 1.37256 602 751 2.56256 759 504 -2.5806 154 316 0.355763
247 783 1.37256 602 751 2.56256 759 504 -2.5806 154 316 0.355763
247 782 1.37376 601 750 2.55697 759 504 -2.5806 154 316 0.355763
247 782 1.37376 601 750 2.55697 758 505 -2.58493 154 316 0.355763
247 782 1.37376 601 750 2.55697 758 505 -2.58493 155 316 0.354239
247 782 1.37376 601 750 2.55697 758 505 -2.58493 155 316 0.354239
247 781 1.37482 600 750 2.55142 758 505 -2.58493 155 316 0.354239
247 781 1.37482 600 750 2.55142 757 506 -2.59297 155 316 0.354239
247 781 1.37482 600 750 2.55142 757 506 -2.59297 156 315 0.352671
247 781 1.37482 600 750 2.55142 757 506 -2.59297 156 315 0.352671
247 780 1.37573 599 749 2.54591 757 506 -2.59297 156 315 0.352671
247 780 1.37573 599 749 2.54591 756 506 -2.60091 156 315 0.352671
247 780 1.37573 599 749 2.54591 756 506 -2.60091 157 315 0.350871
247 780 1.37573 599 749 2.54591 756 506 -2.60091 157 315 0.350871
247 779 1.37649 598 748 2.54045 756 506 -2.60091 157 315 0.350871
247 779 1.37649 598 748 2.54045 755 507 -2.60873 157 315 0.350871
247 779 1.37649 598 748 2.54045 755 507 -2.60873 158 315 0.349034
247 779 1.37649 598 748 2.54045 755 507 -2.60873 158 315 0.349034
248 778 1.37712 598 748 2.53502 755 507 -2.60873 158 315 0.349034
248 778 1.37712 598 748 2.53502 755 507 -2.61646 158 315 0.349034
248 778 1.37712 598 748 2.53502 755 507 -2.61646 159 314 0.347162
248 778 1.37712 598 748 2.53502 755 507 -2.61646 159 314 0.347162
248 777 1.37761 597 747 2.52585 755 507 -2.61646 159 314 0.347162
248 777 1.37761 597 747 2.52585 754 508 -2.62411 159 314 0.347162
248 777 1.37761 597 747 2.52585 754 508 -2.62411 160 314 0.345253
248 777 1.37761 597 747 2.52585 754 508 -2.62411 160 314 0.345253
248 776 1.37797 596 747 2.51675 754 508 -2.62411 160 314 0.345253
248 776 1.37797 596 747 2.51675 753 508 -2.63166 160 314 0.345253
248 776 1.37797 596 747 2.51675 753 508 -2.63166 161 314 0.34331
248 776 1.37797 596 747 2.51675 753 508 -2.63166 161 314 0.34331
248 775 1.3782 595 746 2.50773 753 508 -2.63166 161 314 0.34331
248 775 1.3782 595 746 2.50773 752 509 -2.63912 161 314 0.34331
248 775 1.3782 595 746 2.50773 752 509 -2.63912 162 313 0.341331
248 775 1.3782 595 746 2.50773 752 509 -2.63912 162 313 0.341331
248 774 1.3783 594 746 2.50258 752 509 -2.63912 162 313 0.341331
248 774 1.3783 594 746 2.50258 751 509 -2.64649 162 313 0.341331
248 774 1.3783 594 746 2.50258 751 509 -2.64649 163 313 0.339317
248 774 1.3783 594 746 2.50258 751 509 -2.64649 163 313 0.339317
249 773 1.37828 594 745 2.49366 751 509 -2.64649 163 313 0.339317
249 773 1.37828 594 745 2.49366 750 509 -2.65377 163 313 0.339317
249 773 1.37828 594 745 2.49366 750 509 -2.65377 164 313 0.337269
249 773 1.37828 594 745 2.49366 750 509 -2.65377 164 313 0.337269
249 772 1.37813 593 744 2.4848 750 509 -2.65377 164 313 0.337269
249 772 1.37813 593 744 2.4848 749 510 -2.66097 164 313 0.337269
249 772 1.37813 593 744 2.4848 749 510 -2.66097 165 312 0.335186
249 772 1.37813 593 744 2.4848 749 510 -2.66097 165 312 0.335186
249 771 1.37786 592 744 2.47601 749 510 -2.66097 165 312 0.335186
249 771 1.37786 592 744 2.47601 748 510 -2.66808 165 312 0.335186
249 771 1.37786 592 744 2.47601 748 510 -2.66808 165 312 0.333069
249 771 1.37786 592 744 2.47601 748 510 -2.66808 165 312 0.333069
249 770 1.37748 591 743 2.46728 748 510 -2.66808 165 312 0.333069
249 770 1.37748 591 743 2.46728 748 511 -2.6751 165 312 0.333069
249 770 1.37748 591 743 2.46728 748 511 -2.6751 166 312 0.330919
249 770 1.37748 591 743 2.46728 748 511 -2.6751 166 312 0.330919
249 770 1.37698 590 742 2.45863 748 511 -2.6751 166 312 0.330919
249 770 1.37698 590 742 2.45863 747 511 -2.68203 166 312 0.330919
249 770 1.37698 590 742 2.45863 747 511 -2.68203 167 311 0.328734
249 770 1.37698 590 742 2.45863 747 511 -2.68203 167 311 0.328734
249 769 1.37637 590 742 2.45004 747 511 -2.68203 167 311 0.328734
