41.5, 2.3 到 44, 1.3,第 0
19, 2 到 20, 1,第 1
27, 2 到 28, 1,第 2
35, 2 到 36, 1,第 3
11, 2 到 12, 1,第 4
28, 1 到 31, 2.8,第 5
31, 2.8 到 35, 2,第 6
36, 1 到 39, 2.8,第 7
39, 2.8 到 41.5, 2.3,第 8
12, 1 到 15, 2.8,第 9
15, 2.8 到 19, 2,第 10
20, 1 到 23, 2.8,第 11
23, 2.8 到 27, 2,第 12
4, 3.4 到 11, 2,第 13
41.5, 7 到 41.5, 2.3,第 14
3.66667, 4 到 4, 3.4,第 15
11, 7 到 11, 2,第 16
39, 7.625 到 39, 2.8,第 17
39, 7.625 到 41.5, 7,第 18
3.66667, 4 到 4.66667, 7,第 19
4.66667, 7 到 11, 7,第 20
41.5, 7 到 48.75, 7,第 21
44, 1.3 到 48.75, 7,第 22
75.5, 6.64286 到 76, 6.46429,第 23
68, 6.57143 到 68, 6.57143,第 24
68, 6.57143 到 72, 7.14286,第 25
72, 7.14286 到 75.5, 6.64286,第 26
76, 6.46429 到 80.5588, 7.44118,第 27
80.5588, 7.44118 到 84, 4,第 28
4.22222, 11 到 4.66667, 7,第 29
60, 7.71429 到 68, 6.57143,第 30
36.3, 11 到 39, 7.625,第 31
4.22222, 11 到 15, 11,第 32
11, 7 到 15, 11,第 33
15, 11 到 15, 11,第 34
15, 11 到 15, 2.8,第 35
3.66667, 12 到 4.22222, 11,第 36
80.5588, 7.44118 到 83.0455, 12,第 37
75.5, 16 到 75.5, 6.64286,第 38
68, 16 到 68, 6.57143,第 39
35, 11.8125 到 35, 2,第 40
35, 11.8125 到 36.3, 11,第 41
48.75, 7 到 52, 9.16667,第 42
3.66667, 12 到 4.66667, 15,第 43
75.5, 16 到 82.3182, 16,第 44
82.3182, 16 到 83.0455, 12,第 45
36.3, 11 到 53.1786, 11,第 46
52, 9.16667 到 53.1786, 11,第 47
68, 16 到 70.5, 18.5,第 48
68.625, 20 到 70.5, 18.5,第 49
72.1667, 18.5 到 75.5, 16,第 50
72.1667, 18.5 到 74.6667, 20,第 51
72, 18.5 到 72, 7.14286,第 52
72, 18.5 到 72.1667, 18.5,第 53
70.5, 18.5 到 72, 18.5,第 54
72, 18.5 到 72, 18.5,第 55
53.1786, 11 到 54.0644, 11.954,第 56
54.0644, 11.954 到 60, 7.71429,第 57
74.6667, 20 到 75.5, 22.5,第 58
4.22222, 19 到 4.66667, 15,第 59
68, 22.5 到 68.625, 20,第 60
32.1667, 15 到 35, 11.8125,第 61
15, 11 到 19, 15,第 62
19, 15 到 19, 2,第 63
4.66667, 15 到 19, 15,第 64
19, 15 到 19, 15,第 65
3.66667, 20 到 4.22222, 19,第 66
82.3182, 16 到 83.0455, 20,第 67
74.6667, 20 到 83.0455, 20,第 68
83.0455, 20 到 83.0455, 20,第 69
31, 15.875 到 31, 2.8,第 70
31, 15.875 到 32.1667, 15,第 71
32.1667, 15 到 53.9375, 15,第 72
53.9375, 15 到 54.0644, 11.954,第 73
3.66667, 20 到 4.66667, 23,第 74
53.9375, 15 到 54.0625, 16,第 75
54.0625, 16 到 68, 16,第 76
75.5, 22.5 到 82.5909, 22.5,第 77
82.5909, 22.5 到 83.0455, 20,第 78
19, 15 到 21, 17,第 79
29.9615, 17 到 31, 15.875,第 80
23, 17 到 23, 2.8,第 81
21, 17 到 23, 17,第 82
23, 17 到 23, 17,第 83
27, 17 到 27, 2,第 84
27, 17 到 29.9615, 17,第 85
23, 17 到 27, 17,第 86
27, 17 到 27, 17,第 87
29.9615, 17 到 31, 18.125,第 88
31, 18.125 到 32.1667, 19,第 89
4.22222, 19 到 19, 19,第 90
19, 19 到 21, 17,第 91
19, 19 到 19, 19,第 92
32.1667, 19 到 35, 22.1875,第 93
35, 22.1875 到 36.3, 23,第 94
4.66667, 23 到 15, 23,第 95
15, 23 到 19, 19,第 96
15, 23 到 15, 23,第 97
36.3, 23 到 39, 26.375,第 98
39, 26.375 到 41.5, 27,第 99
11, 27 到 15, 23,第 100
32.1667, 19 到 53.9375, 19,第 101
53.9375, 19 到 54.0625, 16,第 102
53.9375, 19 到 54.0625, 20,第 103
54.0625, 20 到 68.625, 20,第 104
4.22222, 27 到 4.66667, 23,第 105
4.22222, 27 到 11, 27,第 106
3.66667, 28 到 4.22222, 27,第 107
53.98, 21.98 到 54.0625, 20,第 108
53.98, 21.98 到 54.5, 22.5,第 109
54.5, 22.5 到 68, 22.5,第 110
36.3, 23 到 52.875, 23,第 111
52.875, 23 到 53.98, 21.98,第 112
41.5, 27 到 48.8125, 27,第 113
54.5, 22.5 到 56, 24.1364,第 114
56, 24.1364 到 59.5, 26.6818,第 115
48.8125, 27 到 52, 24.1667,第 116
52, 24.1667 到 52.875, 23,第 117
82.0909, 28 到 82.5909, 22.5,第 118
59.5, 26.6818 到 68, 30.5455,第 119
68, 30.5455 到 68, 22.5,第 120
59.5, 36 到 59.5, 26.6818,第 121
52, 36 到 52, 24.1667,第 122
39, 33.8 到 39, 26.375,第 123
38.5, 33.9 到 39, 33.8,第 124
3.66667, 28 到 5.46296, 33.3889,第 125
27, 33.85 到 27, 17,第 126
11, 33.85 到 11, 27,第 127
15, 33.85 到 15, 23,第 128
19, 33.85 到 19, 19,第 129
23, 33.85 到 23, 17,第 130
31, 33.85 到 31, 18.125,第 131
35, 33.85 到 35, 22.1875,第 132
19, 33.85 到 20, 34.15,第 133
20, 34.15 到 23, 33.85,第 134
23, 33.85 到 24, 34.15,第 135
24, 34.15 到 27, 33.85,第 136
11, 33.85 到 12, 34.15,第 137
12, 34.15 到 15, 33.85,第 138
27, 33.85 到 28, 34.15,第 139
28, 34.15 到 31, 33.85,第 140
5.46296, 33.3889 到 8, 34.15,第 141
8, 34.15 到 11, 33.85,第 142
15, 33.85 到 16, 34.15,第 143
16, 34.15 到 19, 33.85,第 144
31, 33.85 到 32, 34.15,第 145
32, 34.15 到 35, 33.85,第 146
35, 33.85 到 36, 34.15,第 147
36, 34.15 到 38.5, 33.9,第 148
39, 33.8 到 41.5, 34.3,第 149
41.5, 34.3 到 41.5, 27,第 150
2.41667, 36 到 5.46296, 33.3889,第 151
41.5, 34.3 到 43.8158, 34.9947,第 152
43.8158, 34.9947 到 48.8125, 27,第 153
43.8158, 34.9947 到 44.2727, 36,第 154
44.2727, 36 到 52, 36,第 155
52, 36 到 54.5, 38.5,第 156
38.5, 41 到 38.5, 33.9,第 157
52.625, 40 到 54.5, 38.5,第 158
56.1667, 38.5 到 59.5, 36,第 159
56.1667, 38.5 到 58.6667, 40,第 160
56, 38.5 到 56, 24.1364,第 161
56, 38.5 到 56.1667, 38.5,第 162
54.5, 38.5 到 56, 38.5,第 163
56, 38.5 到 56, 38.5,第 164
8, 41 到 8, 34.15,第 165
58.6667, 40 到 59.5, 42.5,第 166
2.41667, 36 到 3.25, 41,第 167
3.25, 41 到 8, 41,第 168
52, 42.5 到 52.625, 40,第 169
68, 30.5455 到 72, 33.8182,第 170
72, 33.8182 到 72, 18.5,第 171
36, 41.625 到 36, 34.15,第 172
36, 41.625 到 38.5, 41,第 173
44.2727, 36 到 44.6364, 40,第 174
44.6364, 40 到 52.625, 40,第 175
38.5, 41 到 44.3636, 41,第 176
44.3636, 41 到 44.6364, 40,第 177
44.3636, 41 到 44.5, 42.5,第 178
44.5, 42.5 到 52, 42.5,第 179
1.75, 44 到 3.25, 41,第 180
1.75, 44 到 2.58333, 45,第 181
59.5, 36 到 73.8462, 36,第 182
72, 33.8182 到 73.8462, 36,第 183
75.5455, 36 到 82.0909, 28,第 184
75.5, 36.0294 到 75.5, 22.5,第 185
75.5, 36.0294 到 75.5455, 36,第 186
73.8462, 36 到 74.6694, 36.7135,第 187
74.6694, 36.7135 到 75.5, 36.0294,第 188
44.5, 45 到 44.5, 42.5,第 189
33.3, 45 到 36, 41.625,第 190
33.3, 45 到 44.5, 45,第 191
2.58333, 45 到 12, 45,第 192
8, 41 到 12, 45,第 193
12, 45 到 12, 45,第 194
12, 45 到 12, 34.15,第 195
2.58333, 45 到 3.25, 49,第 196
32, 45.8125 到 32, 34.15,第 197
32, 45.8125 到 33.3, 45,第 198
58.6667, 40 到 74.4259, 40,第 199
74.4259, 40 到 74.6694, 36.7135,第 200
59.5, 42.5 到 74.6111, 42.5,第 201
74.4259, 40 到 74.6111, 42.5,第 202
44.5, 45 到 45.9545, 49,第 203
1.75, 52 到 3.25, 49,第 204
1.75, 52 到 2.58333, 53,第 205
74.6111, 42.5 到 74.7778, 44,第 206
29.1667, 49 到 32, 45.8125,第 207
29.1667, 49 到 45.9545, 49,第 208
12, 45 到 16, 49,第 209
16, 49 到 16, 34.15,第 210
3.25, 49 到 16, 49,第 211
16, 49 到 16, 49,第 212
2.58333, 53 到 3.25, 57,第 213
28, 49.875 到 28, 34.15,第 214
28, 49.875 到 29.1667, 49,第 215
16, 49 到 17.5, 50.5,第 216
2.58333, 53 到 14.8125, 53,第 217
3.25, 57 到 10.625, 57,第 218
27.4231, 50.5 到 28, 49.875,第 219
20, 50.5 到 20, 34.15,第 220
24, 50.5 到 24, 34.15,第 221
24, 50.5 到 27.4231, 50.5,第 222
20, 50.5 到 24, 50.5,第 223
24, 50.5 到 24, 50.5,第 224
17.5, 50.5 到 20, 50.5,第 225
20, 50.5 到 20, 50.5,第 226
27.4231, 50.5 到 28, 51.1818,第 227
28, 51.1818 到 30.2222, 53,第 228
14.8125, 53 到 16, 52.1364,第 229
16, 52.1364 到 17.5, 50.5,第 230
30.2222, 53 到 32, 55.2857,第 231
32, 55.2857 到 34.4, 57,第 232
10.625, 57 到 12, 56.2143,第 233
12, 56.2143 到 14.8125, 53,第 234
34.4, 57 到 36, 59.6667,第 235
36, 59.6667 到 38.5, 60.5,第 236
8, 60.5 到 10.625, 57,第 237
30.2222, 53 到 48.8636, 53,第 238
45.9545, 49 到 48.8636, 53,第 239
1.75, 60 到 3.25, 57,第 240
1.75, 60 到 2.16667, 60.5,第 241
2.16667, 60.5 到 8, 60.5,第 242
73.5926, 50.3998 到 74.7778, 44,第 243
73.5926, 50.3998 到 75, 51.5588,第 244
75, 51.5588 到 75.625, 52,第 245
72, 51.3409 到 73.5926, 50.3998,第 246
68, 52.9773 到 72, 51.3409,第 247
59.5, 54.9091 到 59.5, 42.5,第 248
59.5, 54.9091 到 68, 52.9773,第 249
75.625, 52 到 81.625, 60,第 250
48.8636, 53 到 52, 55.875,第 251
52, 55.875 到 52, 42.5,第 252
75, 67 到 75, 51.5588,第 253
56, 56.1818 到 56, 38.5,第 254
56, 56.1818 到 59.5, 54.9091,第 255
68, 67 到 68, 52.9773,第 256
8, 66.2778 到 8, 60.5,第 257
12, 66.2778 到 12, 56.2143,第 258
16, 66.2778 到 16, 52.1364,第 259
34.4, 57 到 52.9, 57,第 260
52, 55.875 到 52.9, 57,第 261
20, 66.3333 到 20, 50.5,第 262
16, 66.2778 到 17.5, 66.6111,第 263
17.5, 66.6111 到 20, 66.3333,第 264
8, 66.2778 到 10, 66.7222,第 265
10, 66.7222 到 12, 66.2778,第 266
12, 66.2778 到 14, 66.7222,第 267
14, 66.7222 到 16, 66.2778,第 268
36, 66.85 到 36, 59.6667,第 269
52.9, 57 到 53.4885, 57.5517,第 270
53.4885, 57.5517 到 56, 56.1818,第 271
36, 66.85 到 38.5, 67.1,第 272
38.5, 67.1 到 38.5, 60.5,第 273
43, 66.4 到 46, 64.6,第 274
38.5, 67.1 到 39, 67.2,第 275
39, 67.2 到 43, 66.4,第 276
2.16667, 60.5 到 4.36207, 67.0862,第 277
4.36207, 67.0862 到 8, 66.2778,第 278
72, 68.5 到 72, 51.3409,第 279
72, 68.5 到 75, 67,第 280
46, 64.6 到 51.125, 60.5,第 281
38.5, 60.5 到 51.125, 60.5,第 282
3.5625, 68 到 4.36207, 67.0862,第 283
51.125, 60.5 到 53.104, 59.2822,第 284
53.104, 59.2822 到 53.4885, 57.5517,第 285
75, 67 到 82.2083, 67,第 286
81.625, 60 到 82.2083, 67,第 287
20, 66.3333 到 24, 67.6667,第 288
24, 67.6667 到 24, 50.5,第 289
68, 67 到 70.5, 69.5,第 290
70.5, 69.5 到 71.3333, 69.5,第 291
71.3333, 69.5 到 72, 68.5,第 292
68.625, 71 到 70.5, 69.5,第 293
32, 68.05 到 32, 55.2857,第 294
32, 68.05 到 36, 66.85,第 295
71.3333, 69.5 到 72, 70.3,第 296
72, 70.3 到 73.75, 71,第 297
73.75, 71 到 75, 73.5,第 298
82.2083, 67 到 82.625, 68,第 299
17.5, 73 到 17.5, 66.6111,第 300
68, 73.5 到 68.625, 71,第 301
10, 73 到 10, 66.7222,第 302
46, 74 到 46, 64.6,第 303
39, 74 到 39, 67.2,第 304
73.75, 71 到 81.875, 71,第 305
81.875, 71 到 82.625, 68,第 306
53.104, 59.2822 到 55.9474, 67,第 307
55.9474, 67 到 68, 67,第 308
3.5625, 68 到 4.1875, 73,第 309
4.1875, 73 到 10, 73,第 310
43, 75.5 到 43, 66.4,第 311
43, 75.5 到 46, 74,第 312
75, 73.5 到 82.0833, 73.5,第 313
81.875, 71 到 82.0833, 73.5,第 314
24, 67.6667 到 28, 70.7778,第 315
28, 70.7778 到 28, 51.1818,第 316
28, 70.7778 到 28.0376, 70.8237,第 317
28.0376, 70.8237 到 32, 68.05,第 318
10, 73 到 12.5, 75.5,第 319
10.625, 77 到 12.5, 75.5,第 320
14.1667, 75.5 到 17.5, 73,第 321
14.1667, 75.5 到 16.6667, 77,第 322
14, 75.5 到 14, 66.7222,第 323
14, 75.5 到 14.1667, 75.5,第 324
12.5, 75.5 到 14, 75.5,第 325
14, 75.5 到 14, 75.5,第 326
55.9474, 67 到 56.5789, 71,第 327
56.5789, 71 到 68.625, 71,第 328
3.0625, 76 到 4.1875, 73,第 329
16.6667, 77 到 17.5, 79.5,第 330
10, 79.5 到 10.625, 77,第 331
3.0625, 76 到 3.6875, 77,第 332
3.6875, 77 到 10.625, 77,第 333
40.5, 78 到 42, 77,第 334
39, 74 到 42, 77,第 335
42, 77 到 42, 77,第 336
42, 77 到 43, 75.5,第 337
17.5, 73 到 27.9167, 73,第 338
27.9167, 73 到 28.0376, 70.8237,第 339
42, 77 到 43, 78,第 340
43, 78 到 43, 78,第 341
43, 78 到 46, 81,第 342
82.0833, 73.5 到 82.5, 76,第 343
56.4474, 73.5 到 56.5789, 71,第 344
56.4474, 73.5 到 68, 73.5,第 345
27.9167, 73 到 28.0833, 74,第 346
28.0833, 74 到 39, 74,第 347
39, 81 到 40.5, 78,第 348
3.6875, 77 到 4, 79.5,第 349
4, 79.5 到 10, 79.5,第 350
46, 74 到 56.3947, 74,第 351
56.3947, 74 到 56.4474, 73.5,第 352
16.6667, 77 到 27.9167, 77,第 353
27.9167, 77 到 28.0833, 74,第 354
27.9167, 77 到 28.0833, 78,第 355
28.0833, 78 到 40.5, 78,第 356
72, 80.8571 到 72, 70.3,第 357
80.3333, 80.3333 到 82.5, 76,第 358
43, 78 到 56.8158, 78,第 359
56.3947, 74 到 56.8158, 78,第 360
56.8158, 78 到 56.8204, 78.0146,第 361
39, 84.75 到 39, 81,第 362
46, 81 到 54.1667, 81,第 363
54.1667, 81 到 56.8204, 78.0146,第 364
17.5, 84 到 17.5, 79.5,第 365
29.7, 81 到 39, 81,第 366
10, 84 到 10, 79.5,第 367
14, 84 到 14, 75.5,第 368
14, 84 到 17.5, 84,第 369
17.5, 79.5 到 28, 79.5,第 370
28, 79.5 到 28.0833, 78,第 371
72, 80.8571 到 75, 81.2857,第 372
75, 81.2857 到 75, 73.5,第 373
46, 85.25 到 46, 81,第 374
28, 79.9375 到 28, 79.5,第 375
28, 79.9375 到 29.7, 81,第 376
28, 79.9375 到 28, 79.9375,第 377
56.8204, 78.0146 到 60, 80.2857,第 378
68, 81.4286 到 68, 73.5,第 379
68, 81.4286 到 72, 80.8571,第 380
60, 80.2857 到 68, 81.4286,第 381
68, 81.4286 到 68, 81.4286,第 382
75, 81.2857 到 76, 81.5714,第 383
76, 81.5714 到 80.3333, 80.3333,第 384
39, 84.75 到 43, 85.4167,第 385
43, 85.4167 到 43, 78,第 386
4, 84 到 4, 79.5,第 387
4, 84 到 10, 84,第 388
4, 84 到 4, 84,第 389
80.3333, 80.3333 到 84, 84,第 390
46, 85.25 到 52, 84.25,第 391
52, 84.25 到 54.1667, 81,第 392
17.5, 84 到 20, 84.9375,第 393
20, 84.9375 到 28, 79.9375,第 394
10, 84 到 12, 85,第 395
12, 85 到 14, 84,第 396
29.7, 81 到 36, 86.25,第 397
36, 86.25 到 39, 84.75,第 398
43, 85.4167 到 44, 86.25,第 399
44, 86.25 到 46, 85.25,第 400
