93.2952 0.54042 -0.498777 -80 -48 0    91.5802 0.467681 -0.509806 -78.005 -47.9809 0.0837675
91.5802 0.467681 -0.509806 -78.005 -47.9809 0.0837675    89.795 0.4014 -0.519652 -76.0175 -47.7963 0.159894
109.097 0.334811 -0.462363 -96.0175 -51.7963 0.159894    107.208 0.292706 -0.468387 -94.0467 -51.4669 0.208022
107.208 0.292706 -0.468387 -94.0467 -51.4669 0.208022    105.293 0.253675 -0.47377 -92.0934 -51.0441 0.252436
105.293 0.253675 -0.47377 -92.0934 -51.0441 0.252436    103.357 0.217533 -0.478537 -90.1603 -50.5359 0.293345
119.586 0.106354 -0.352858 -110.16 -46.5359 0.293345    117.598 0.0895885 -0.354634 -108.247 -45.9543 0.311886
144.44 0.0265394 -0.293934 -136.247 -47.9543 0.311886    142.44 0.0192753 -0.294302 -134.344 -47.3399 0.319517
430.592 -0.178922 0.185288 -426.344 -60.3399 0.319517    428.624 -0.173615 0.186114 -424.444 -59.7133 0.313384
428.624 -0.173615 0.186114 -424.444 -59.7133 0.313384    426.654 -0.168403 0.18692 -422.542 -59.0983 0.307365
426.654 -0.168403 0.18692 -422.542 -59.0983 0.307365    424.683 -0.163284 0.187706 -420.635 -58.4947 0.30146
424.683 -0.163284 0.187706 -420.635 -58.4947 0.30146    422.709 -0.158257 0.188472 -418.725 -57.9023 0.295668
422.709 -0.158257 0.188472 -418.725 -57.9023 0.295668    420.734 -0.153321 0.189217 -416.811 -57.321 0.289986
420.734 -0.153321 0.189217 -416.811 -57.321 0.289986    418.758 -0.148475 0.189943 -414.894 -56.7505 0.284414
418.758 -0.148475 0.189943 -414.894 -56.7505 0.284414    416.78 -0.143717 0.19065 -412.974 -56.1907 0.27895
416.78 -0.143717 0.19065 -412.974 -56.1907 0.27895    414.8 -0.139046 0.191337 -411.052 -55.6414 0.273592
414.8 -0.139046 0.191337 -411.052 -55.6414 0.273592    412.82 -0.134462 0.192005 -409.126 -55.1023 0.268339
412.82 -0.134462 0.192005 -409.126 -55.1023 0.268339    410.838 -0.129963 0.192655 -407.197 -54.5733 0.263191
410.838 -0.129963 0.192655 -407.197 -54.5733 0.263191    408.855 -0.125547 0.193286 -405.266 -54.0542 0.258144
408.855 -0.125547 0.193286 -405.266 -54.0542 0.258144    406.87 -0.121214 0.193898 -403.332 -53.5448 0.253198
406.87 -0.121214 0.193898 -403.332 -53.5448 0.253198    404.885 -0.116963 0.194493 -401.395 -53.045 0.248353
404.885 -0.116963 0.194493 -401.395 -53.045 0.248353    402.899 -0.112791 0.195069 -399.456 -52.5545 0.243605
402.899 -0.112791 0.195069 -399.456 -52.5545 0.243605    400.911 -0.1087 0.195628 -397.515 -52.0732 0.238955
400.911 -0.1087 0.195628 -397.515 -52.0732 0.238955    398.923 -0.104686 0.196169 -395.572 -51.6008 0.2344
398.923 -0.104686 0.196169 -395.572 -51.6008 0.2344    396.934 -0.10075 0.196693 -393.626 -51.1374 0.229939
396.934 -0.10075 0.196693 -393.626 -51.1374 0.229939    394.944 -0.0968891 0.1972 -391.679 -50.6825 0.225572
394.944 -0.0968891 0.1972 -391.679 -50.6825 0.225572    392.954 -0.0931036 0.19769 -389.729 -50.2361 0.221297
392.954 -0.0931036 0.19769 -389.729 -50.2361 0.221297    390.962 -0.089392 0.198163 -387.778 -49.7981 0.217112
390.962 -0.089392 0.198163 -387.778 -49.7981 0.217112    388.97 -0.0857533 0.198619 -385.825 -49.3682 0.213017
388.97 -0.0857533 0.198619 -385.825 -49.3682 0.213017    386.978 -0.0821865 0.19906 -383.87 -48.9462 0.209009
386.978 -0.0821865 0.19906 -383.87 -48.9462 0.209009    384.984 -0.0786905 0.199484 -381.913 -48.5321 0.205089
384.984 -0.0786905 0.199484 -381.913 -48.5321 0.205089    382.991 -0.0752643 0.199892 -379.955 -48.1256 0.201255
382.991 -0.0752643 0.199892 -379.955 -48.1256 0.201255    380.996 -0.0719069 0.200285 -377.995 -47.7265 0.197505
380.996 -0.0719069 0.200285 -377.995 -47.7265 0.197505    379.001 -0.0686174 0.200662 -376.034 -47.3348 0.193838
379.001 -0.0686174 0.200662 -376.034 -47.3348 0.193838    377.006 -0.0653948 0.201024 -374.071 -46.9503 0.190254
377.006 -0.0653948 0.201024 -374.071 -46.9503 0.190254    375.01 -0.0622381 0.201371 -372.107 -46.5728 0.18675
375.01 -0.0622381 0.201371 -372.107 -46.5728 0.18675    373.014 -0.0591463 0.201702 -370.142 -46.2021 0.183327
373.014 -0.0591463 0.201702 -370.142 -46.2021 0.183327    371.018 -0.0561185 0.202019 -368.175 -45.8381 0.179982
371.018 -0.0561185 0.202019 -368.175 -45.8381 0.179982    369.021 -0.0531538 0.202322 -366.207 -45.4807 0.176715
369.021 -0.0531538 0.202322 -366.207 -45.4807 0.176715    367.024 -0.0502512 0.20261 -364.239 -45.1296 0.173524
367.024 -0.0502512 0.20261 -364.239 -45.1296 0.173524    365.026 -0.0474099 0.202883 -362.268 -44.7849 0.170409
365.026 -0.0474099 0.202883 -362.268 -44.7849 0.170409    363.028 -0.0446288 0.203143 -360.297 -44.4462 0.167369
363.028 -0.0446288 0.203143 -360.297 -44.4462 0.167369    361.03 -0.0419072 0.203389 -358.325 -44.1135 0.164401
361.03 -0.0419072 0.203389 -358.325 -44.1135 0.164401    359.032 -0.0392441 0.203621 -356.352 -43.7867 0.161506
359.032 -0.0392441 0.203621 -356.352 -43.7867 0.161506    357.034 -0.0366386 0.203839 -354.378 -43.4655 0.158682
357.034 -0.0366386 0.203839 -354.378 -43.4655 0.158682    355.035 -0.0340899 0.204045 -352.403 -43.1499 0.155928
355.035 -0.0340899 0.204045 -352.403 -43.1499 0.155928    353.036 -0.0315971 0.204237 -350.427 -42.8396 0.153243
353.036 -0.0315971 0.204237 -350.427 -42.8396 0.153243    351.037 -0.0291593 0.204416 -348.451 -42.5347 0.150626
351.037 -0.0291593 0.204416 -348.451 -42.5347 0.150626    349.038 -0.0267758 0.204582 -346.473 -42.2349 0.148077
349.038 -0.0267758 0.204582 -346.473 -42.2349 0.148077    347.039 -0.0244456 0.204735 -344.495 -41.9402 0.145593
347.039 -0.0244456 0.204735 -344.495 -41.9402 0.145593    345.039 -0.022168 0.204876 -342.516 -41.6503 0.143175
345.039 -0.022168 0.204876 -342.516 -41.6503 0.143175    343.04 -0.0199421 0.205005 -340.537 -41.3652 0.14082
343.04 -0.0199421 0.205005 -340.537 -41.3652 0.14082    341.04 -0.0177672 0.205121 -338.557 -41.0847 0.138529
341.04 -0.0177672 0.205121 -338.557 -41.0847 0.138529    339.041 -0.0156423 0.205225 -336.576 -40.8087 0.1363
339.041 -0.0156423 0.205225 -336.576 -40.8087 0.1363    337.041 -0.0135668 0.205317 -334.594 -40.5371 0.134132
337.041 -0.0135668 0.205317 -334.594 -40.5371 0.134132    335.041 -0.0115398 0.205398 -332.612 -40.2698 0.132025
335.041 -0.0115398 0.205398 -332.612 -40.2698 0.132025    333.041 -0.00956053 0.205467 -330.63 -40.0067 0.129977
333.041 -0.00956053 0.205467 -330.63 -40.0067 0.129977    331.041 -0.00762829 0.205524 -328.646 -39.7476 0.127987
331.041 -0.00762829 0.205524 -328.646 -39.7476 0.127987    329.041 -0.00574228 0.20557 -326.663 -39.4924 0.126055
329.041 -0.00574228 0.20557 -326.663 -39.4924 0.126055    327.041 -0.00390175 0.205605 -324.679 -39.241 0.12418
327.041 -0.00390175 0.205605 -324.679 -39.241 0.12418    325.041 -0.00210596 0.205629 -322.694 -38.9934 0.12236
325.041 -0.00210596 0.205629 -322.694 -38.9934 0.12236    323.041 -0.000354174 0.205642 -320.709 -38.7493 0.120595
323.041 -0.000354174 0.205642 -320.709 -38.7493 0.120595    321.041 0.00135434 0.205644 -318.723 -38.5087 0.118884
321.041 0.00135434 0.205644 -318.723 -38.5087 0.118884    319.041 0.00302029 0.205636 -316.738 -38.2714 0.117227
319.041 0.00302029 0.205636 -316.738 -38.2714 0.117227    317.041 0.0046444 0.205617 -314.751 -38.0375 0.115622
317.041 0.0046444 0.205617 -314.751 -38.0375 0.115622    315.041 0.00622737 0.205587 -312.765 -37.8067 0.114068
315.041 0.00622737 0.205587 -312.765 -37.8067 0.114068    313.041 0.0077699 0.205548 -310.778 -37.579 0.112565
313.041 0.0077699 0.205548 -310.778 -37.579 0.112565    311.042 0.00927267 0.205498 -308.79 -37.3542 0.111112
311.042 0.00927267 0.205498 -308.79 -37.3542 0.111112    309.042 0.0107364 0.205439 -306.803 -37.1323 0.109708
309.042 0.0107364 0.205439 -306.803 -37.1323 0.109708    307.042 0.0121616 0.205369 -304.815 -36.9132 0.108352
307.042 0.0121616 0.205369 -304.815 -36.9132 0.108352    305.042 0.0135492 0.20529 -302.827 -36.6968 0.107044
305.042 0.0135492 0.20529 -302.827 -36.6968 0.107044    303.042 0.0148996 0.205201 -300.838 -36.4829 0.105782
303.042 0.0148996 0.205201 -300.838 -36.4829 0.105782    301.042 0.0162137 0.205103 -298.849 -36.2716 0.104566
301.042 0.0162137 0.205103 -298.849 -36.2716 0.104566    299.043 0.0174919 0.204995 -296.86 -36.0626 0.103396
299.043 0.0174919 0.204995 -296.86 -36.0626 0.103396    297.043 0.018735 0.204878 -294.871 -35.8559 0.10227
297.043 0.018735 0.204878 -294.871 -35.8559 0.10227    295.043 0.0199435 0.204752 -292.881 -35.6515 0.101187
295.043 0.0199435 0.204752 -292.881 -35.6515 0.101187    293.044 0.0211182 0.204617 -290.892 -35.4492 0.100148
293.044 0.0211182 0.204617 -290.892 -35.4492 0.100148    291.044 0.0222595 0.204473 -288.902 -35.249 0.0991507
291.044 0.0222595 0.204473 -288.902 -35.249 0.0991507    289.045 0.0233681 0.20432 -286.911 -35.0507 0.098195
289.045 0.0233681 0.20432 -286.911 -35.0507 0.098195    287.045 0.0244447 0.204158 -284.921 -34.8543 0.0972802
287.045 0.0244447 0.204158 -284.921 -34.8543 0.0972802    285.046 0.0254897 0.203988 -282.931 -34.6597 0.0964054
285.046 0.0254897 0.203988 -282.931 -34.6597 0.0964054    283.046 0.0265038 0.203809 -280.94 -34.4668 0.0955702
283.046 0.0265038 0.203809 -280.94 -34.4668 0.0955702    281.047 0.0274875 0.203622 -278.949 -34.2756 0.0947737
281.047 0.0274875 0.203622 -278.949 -34.2756 0.0947737    279.048 0.0284415 0.203426 -276.958 -34.086 0.0940153
279.048 0.0284415 0.203426 -276.958 -34.086 0.0940153    277.049 0.0293662 0.203222 -274.967 -33.8978 0.0932944
277.049 0.0293662 0.203222 -274.967 -33.8978 0.0932944    275.049 0.0302623 0.20301 -272.976 -33.7111 0.0926103
275.049 0.0302623 0.20301 -272.976 -33.7111 0.0926103    273.05 0.0311303 0.20279 -270.984 -33.5257 0.0919623
273.05 0.0311303 0.20279 -270.984 -33.5257 0.0919623    271.051 0.0319706 0.202562 -268.993 -33.3415 0.09135
271.051 0.0319706 0.202562 -268.993 -33.3415 0.09135    269.052 0.0327839 0.202326 -267.001 -33.1586 0.0907725
269.052 0.0327839 0.202326 -267.001 -33.1586 0.0907725    267.053 0.0335707 0.202083 -265.01 -32.9769 0.0902294
267.053 0.0335707 0.202083 -265.01 -32.9769 0.0902294    265.055 0.0343315 0.201831 -263.018 -32.7961 0.08972
265.055 0.0343315 0.201831 -263.018 -32.7961 0.08972    263.056 0.0350668 0.201572 -261.026 -32.6164 0.0892437
263.056 0.0350668 0.201572 -261.026 -32.6164 0.0892437    261.057 0.035777 0.201306 -259.034 -32.4376 0.0888
261.057 0.035777 0.201306 -259.034 -32.4376 0.0888    259.058 0.0364628 0.201032 -257.042 -32.2597 0.0883882
259.058 0.0364628 0.201032 -257.042 -32.2597 0.0883882    257.06 0.0371246 0.20075 -255.05 -32.0826 0.0880079
257.06 0.0371246 0.20075 -255.05 -32.0826 0.0880079    255.061 0.0377629 0.200462 -253.057 -31.9063 0.0876584
255.061 0.0377629 0.200462 -253.057 -31.9063 0.0876584    253.062 0.0383781 0.200165 -251.065 -31.7306 0.0873392
253.062 0.0383781 0.200165 -251.065 -31.7306 0.0873392    251.064 0.0389707 0.199862 -249.073 -31.5555 0.0870498
251.064 0.0389707 0.199862 -249.073 -31.5555 0.0870498    249.065 0.0395413 0.199552 -247.081 -31.381 0.0867896
249.065 0.0395413 0.199552 -247.081 -31.381 0.0867896    247.067 0.0400901 0.199234 -245.088 -31.207 0.0865582
247.067 0.0400901 0.199234 -245.088 -31.207 0.0865582    245.069 0.0406178 0.19891 -243.096 -31.0335 0.086355
245.069 0.0406178 0.19891 -243.096 -31.0335 0.086355    243.07 0.0411247 0.198579 -241.103 -30.8603 0.0861795
243.07 0.0411247 0.198579 -241.103 -30.8603 0.0861795    241.072 0.0416113 0.19824 -239.111 -30.6875 0.0860312
241.072 0.0416113 0.19824 -239.111 -30.6875 0.0860312    239.074 0.042078 0.197895 -237.118 -30.515 0.0859096
239.074 0.042078 0.197895 -237.118 -30.515 0.0859096    237.075 0.0425252 0.197543 -235.126 -30.3427 0.0858143
237.075 0.0425252 0.197543 -235.126 -30.3427 0.0858143    235.077 0.0429533 0.197185 -233.133 -30.1705 0.0857448
235.077 0.0429533 0.197185 -233.133 -30.1705 0.0857448    233.079 0.0433628 0.196819 -231.141 -29.9985 0.0857006
233.079 0.0433628 0.196819 -231.141 -29.9985 0.0857006    231.081 0.0437541 0.196447 -229.148 -29.8266 0.0856813
231.081 0.0437541 0.196447 -229.148 -29.8266 0.0856813    229.083 0.0441275 0.196069 -227.155 -29.6547 0.0856865
229.083 0.0441275 0.196069 -227.155 -29.6547 0.0856865    227.085 0.0444835 0.195684 -225.163 -29.4828 0.0857156
227.085 0.0444835 0.195684 -225.163 -29.4828 0.0857156    225.087 0.0448224 0.195292 -223.17 -29.3108 0.0857684
225.087 0.0448224 0.195292 -223.17 -29.3108 0.0857684    223.089 0.0451446 0.194894 -221.178 -29.1387 0.0858443
223.089 0.0451446 0.194894 -221.178 -29.1387 0.0858443    221.091 0.0454505 0.194489 -219.185 -28.9664 0.085943
221.091 0.0454505 0.194489 -219.185 -28.9664 0.085943    219.093 0.0457404 0.194078 -217.193 -28.7939 0.0860641
219.093 0.0457404 0.194078 -217.193 -28.7939 0.0860641    217.095 0.0460148 0.193661 -215.2 -28.6211 0.0862071
217.095 0.0460148 0.193661 -215.2 -28.6211 0.0862071    215.097 0.0462739 0.193237 -213.208 -28.4481 0.0863718
215.097 0.0462739 0.193237 -213.208 -28.4481 0.0863718    213.099 0.0465181 0.192807 -211.215 -28.2747 0.0865577
213.099 0.0465181 0.192807 -211.215 -28.2747 0.0865577    211.101 0.0467477 0.192371 -209.223 -28.1009 0.0867645
211.101 0.0467477 0.192371 -209.223 -28.1009 0.0867645    209.104 0.0469631 0.191928 -207.23 -27.9268 0.0869918
209.104 0.0469631 0.191928 -207.23 -27.9268 0.0869918    207.106 0.0471647 0.191479 -205.238 -27.7521 0.0872393
207.106 0.0471647 0.191479 -205.238 -27.7521 0.0872393    205.108 0.0473526 0.191024 -203.246 -27.5769 0.0875066
205.108 0.0473526 0.191024 -203.246 -27.5769 0.0875066    203.11 0.0475273 0.190562 -201.253 -27.4012 0.0877934
203.11 0.0475273 0.190562 -201.253 -27.4012 0.0877934    201.113 0.0476891 0.190094 -199.261 -27.2249 0.0880995
201.113 0.0476891 0.190094 -199.261 -27.2249 0.0880995    199.115 0.0478382 0.18962 -197.269 -27.048 0.0884244
199.115 0.0478382 0.18962 -197.269 -27.048 0.0884244    197.117 0.047975 0.18914 -195.277 -26.8705 0.088768
197.117 0.047975 0.18914 -195.277 -26.8705 0.088768    195.119 0.0480997 0.188653 -193.285 -26.6922 0.0891299
195.119 0.0480997 0.188653 -193.285 -26.6922 0.0891299    193.122 0.0482127 0.18816 -191.293 -26.5132 0.0895097
193.122 0.0482127 0.18816 -191.293 -26.5132 0.0895097    191.124 0.0483142 0.187661 -189.301 -26.3334 0.0899074
191.124 0.0483142 0.187661 -189.301 -26.3334 0.0899074    189.126 0.0484044 0.187156 -187.309 -26.1528 0.0903225
189.126 0.0484044 0.187156 -187.309 -26.1528 0.0903225    187.129 0.0484837 0.186644 -185.318 -25.9714 0.0907548
187.129 0.0484837 0.186644 -185.318 -25.9714 0.0907548    185.131 0.0485524 0.186126 -183.326 -25.7891 0.0912042
185.131 0.0485524 0.186126 -183.326 -25.7891 0.0912042    183.133 0.0486106 0.185602 -181.334 -25.6059 0.0916703
183.133 0.0486106 0.185602 -181.334 -25.6059 0.0916703    181.136 0.0486586 0.185071 -179.343 -25.4218 0.092153
181.136 0.0486586 0.185071 -179.343 -25.4218 0.092153    179.138 0.0486967 0.184534 -177.352 -25.2367 0.0926519
47.4334 0.571478 -0.692693 -37.3516 -29.2367 0.0926519    45.7512 0.410765 -0.715499 -35.3745 -29.014 0.276171
78.0198 -0.147463 0.0231749 -77.3745 -10.014 0.276171    76.0415 -0.127757 0.0269413 -75.4488 -9.47601 0.252698
76.0415 -0.127757 0.0269413 -75.4488 -9.47601 0.252698    74.0578 -0.110002 0.0302924 -73.511 -8.98252 0.231592
74.0578 -0.110002 0.0302924 -73.511 -8.98252 0.231592    72.0699 -0.0940516 0.0332571 -71.5634 -8.52928 0.212677
72.0699 -0.0940516 0.0332571 -71.5634 -8.52928 0.212677    70.0787 -0.0797671 0.0358633 -69.6076 -8.11225 0.195786
70.0787 -0.0797671 0.0358633 -69.6076 -8.11225 0.195786    68.0851 -0.0670175 0.0381374 -67.6451 -7.72766 0.180763
68.0851 -0.0670175 0.0381374 -67.6451 -7.72766 0.180763    66.0896 -0.0556791 0.0401045 -65.6772 -7.37198 0.167457
66.0896 -0.0556791 0.0401045 -65.6772 -7.37198 0.167457    64.0927 -0.0456353 0.0417886 -63.7047 -7.04197 0.155729
64.0927 -0.0456353 0.0417886 -63.7047 -7.04197 0.155729    62.0948 -0.0367759 0.0432122 -61.7285 -6.73458 0.145446
35.9872 2.02372 -2.21358 20.2715 -29.7346 0.145446    36.8624 1.23485 -2.26355 22.26 -29.3825 0.984287
36.8624 1.23485 -2.26355 22.26 -29.3825 0.984287    36.2031 0.72034 -2.31478 23.3107 -27.6998 1.55002
36.2031 0.72034 -2.31478 23.3107 -27.6998 1.55002    34.6999 0.347511 -2.35122 23.2952 -25.718 1.95929
58.5837 -1.70534 -0.223961 -56.7048 -14.718 1.95929    58.852 -1.40005 -0.19013 -57.4319 -12.8502 1.62017
58.852 -1.40005 -0.19013 -57.4319 -12.8502 1.62017    58.5122 -1.15668 -0.15664 -57.4961 -10.8569 1.34332
58.5122 -1.15668 -0.15664 -57.4961 -10.8569 1.34332    57.7074 -0.957895 -0.125349 -57.0125 -8.92824 1.11323
57.7074 -0.957895 -0.125349 -57.0125 -8.92824 1.11323    56.5569 -0.792847 -0.0969994 -56.1015 -7.1629 0.919837
57.625 -0.689379 -0.260449 -56.1015 -13.1629 0.919837    56.0817 -0.579949 -0.238373 -54.8685 -11.602 0.788331
56.0817 -0.579949 -0.238373 -54.8685 -11.602 0.788331    54.4087 -0.486732 -0.218831 -53.4415 -10.2136 0.675572
54.4087 -0.486732 -0.218831 -53.4415 -10.2136 0.675572    52.641 -0.407301 -0.201637 -51.8674 -8.99133 0.578947
52.641 -0.407301 -0.201637 -51.8674 -8.99133 0.578947    50.8046 -0.339718 -0.186587 -50.183 -7.92332 0.496314
50.8046 -0.339718 -0.186587 -50.183 -7.92332 0.496314    48.9189 -0.282388 -0.173469 -48.4162 -6.99474 0.425866
49.6489 -0.202566 -0.293187 -48.4162 -10.9947 0.425866    47.6898 -0.177458 -0.285083 -46.5898 -10.1837 0.392654
49.3206 -0.058329 -0.4636 -46.5898 -16.1837 0.392654    47.324 -0.0715671 -0.461236 -44.7404 -15.4228 0.403528
47.324 -0.0715671 -0.461236 -44.7404 -15.4228 0.403528    45.3291 -0.082432 -0.458214 -42.8988 -14.6431 0.411371
45.3291 -0.082432 -0.458214 -42.8988 -14.6431 0.411371    43.3359 -0.0911989 -0.454581 -41.0631 -13.8501 0.416505
43.3359 -0.0911989 -0.454581 -41.0631 -13.8501 0.416505    41.3442 -0.098121 -0.450378 -39.2311 -13.0488 0.419224
41.3442 -0.098121 -0.450378 -39.2311 -13.0488 0.419224    39.3539 -0.10343 -0.445639 -37.4008 -12.2435 0.419794
39.3539 -0.10343 -0.445639 -37.4008 -12.2435 0.419794    37.3646 -0.107335 -0.440392 -35.5708 -11.4381 0.418453
38.7765 -0.00897384 -0.577869 -35.5708 -15.4381 0.418453    36.7766 -0.0463998 -0.577406 -33.743 -14.6263 0.455416
36.7766 -0.0463998 -0.577406 -33.743 -14.6263 0.455416    34.7787 -0.0756499 -0.574884 -31.9447 -13.7512 0.482143
57.0373 -0.539134 0.319297 -56.9447 3.24881 0.482143    55.321 -0.42878 0.337299 -55.1655 4.14476 0.353788
55.321 -0.42878 0.337299 -55.1655 4.14476 0.353788    53.502 -0.334543 0.35233 -53.2854 4.80992 0.24452
53.502 -0.334543 0.35233 -53.2854 4.80992 0.24452    51.6129 -0.254221 0.364604 -51.3431 5.27064 0.151924
51.3722 -0.118254 0.210664 -51.3431 -1.72936 0.151924    49.3862 -0.084289 0.215257 -49.3653 -1.43578 0.113366
49.3862 -0.084289 0.215257 -49.3653 -1.43578 0.113366    47.3933 -0.0555946 0.218667 -47.3777 -1.21632 0.0812618
47.3933 -0.0555946 0.218667 -47.3777 -1.21632 0.0812618    45.3964 -0.0315592 0.221012 -45.384 -1.05865 0.0548815
45.3964 -0.0315592 0.221012 -45.384 -1.05865 0.0548815    43.3974 -0.0116244 0.222402 -43.3869 -0.951722 0.0335566
43.3974 -0.0116244 0.222402 -43.3869 -0.951722 0.0335566    41.3975 0.00472025 0.222937 -41.388 -0.885692 0.0166762
41.3975 0.00472025 0.222937 -41.388 -0.885692 0.0166762    39.3975 0.0179408 0.222709 -39.3883 -0.851885 0.00368371
39.8206 0.143807 0.0839058 -39.3883 -5.85189 0.00368371    37.8413 0.113287 0.076708 -37.3895 -5.83028 0.0414011
37.8413 0.113287 0.076708 -37.3895 -5.83028 0.0414011    35.8541 0.0887424 0.0707333 -35.3924 -5.73567 0.0719204
35.8541 0.0887424 0.0707333 -35.3924 -5.73567 0.0719204    33.862 0.0692458 0.0657896 -33.3987 -5.58216 0.0963607
33.862 0.0692458 0.0657896 -33.3987 -5.58216 0.0963607    31.8668 0.0539741 0.061703 -31.4091 -5.38166 0.115719
31.8668 0.0539741 0.061703 -31.4091 -5.38166 0.115719    29.8697 0.0421984 0.0583172 -29.4234 -5.14404 0.13088
104.648 -0.196442 0.391444 -104.423 6.85596 0.13088    102.687 -0.167671 0.395174 -102.44 7.10963 0.0983797
96.8696 -0.192559 0.419978 -96.4403 9.10963 0.0983797    94.9065 -0.161095 0.42393 -94.4499 9.29828 0.0629645
94.9065 -0.161095 0.42393 -94.4499 9.29828 0.0629645    92.9324 -0.132195 0.42731 -92.454 9.41743 0.0306841
92.9324 -0.132195 0.42731 -92.454 9.41743 0.0306841    90.9499 -0.1057 0.430146 -90.4552 9.47315 0.00135285
90.9499 -0.1057 0.430146 -90.4552 9.47315 0.00135285    88.961 -0.081462 0.432466 -88.4554 9.47125 -0.0252053
88.961 -0.081462 0.432466 -88.4554 9.47125 -0.0252053    86.9677 -0.0593395 0.434296 -86.4563 9.4172 -0.0491572
86.9677 -0.0593395 0.434296 -86.4563 9.4172 -0.0491572    84.9712 -0.0391988 0.43566 -84.4589 9.31621 -0.0706617
91.7511 -0.00916281 0.406756 -91.4589 7.31621 -0.0706617    89.7512 0.00365787 0.406956 -89.464 7.1746 -0.0836821
89.7512 0.00365787 0.406956 -89.464 7.1746 -0.0836821    87.7512 0.0153417 0.406875 -87.4709 7.0076 -0.0952844
87.7512 0.0153417 0.406875 -87.4709 7.0076 -0.0952844    85.7514 0.0259579 0.406525 -85.48 6.81801 -0.105551
85.7514 0.0259579 0.406525 -85.48 6.81801 -0.105551    83.7521 0.0355727 0.40592 -83.491 6.60851 -0.11456
83.7521 0.0355727 0.40592 -83.491 6.60851 -0.11456    81.7534 0.0442496 0.40507 -81.5039 6.38158 -0.122388
99.6624 0.178792 0.250887 -99.5039 -5.61842 -0.122388    97.6943 0.167546 0.247318 -97.5187 -5.85554 -0.107573
97.6943 0.167546 0.247318 -97.5187 -5.85554 -0.107573    95.7223 0.157131 0.243904 -95.5301 -6.06351 -0.0937439
95.7223 0.157131 0.243904 -95.5301 -6.06351 -0.0937439    93.7469 0.147497 0.240634 -93.5388 -6.24425 -0.0808403
93.7469 0.147497 0.240634 -93.5388 -6.24425 -0.0808403    91.7687 0.138597 0.237499 -91.5452 -6.39954 -0.068805
91.7687 0.138597 0.237499 -91.5452 -6.39954 -0.068805    89.7878 0.130386 0.234488 -89.55 -6.53106 -0.0575829
89.7878 0.130386 0.234488 -89.55 -6.53106 -0.0575829    87.8048 0.12282 0.231592 -87.5534 -6.64041 -0.0471212
114.808 0.245625 0.0787219 -112.553 -22.6404 -0.0471212    112.868 0.226016 0.0744859 -110.556 -22.7264 -0.0232764
112.868 0.226016 0.0744859 -110.556 -22.7264 -0.0232764    110.919 0.207717 0.070515 -108.557 -22.7651 -0.00100643
110.919 0.207717 0.070515 -108.557 -22.7651 -0.00100643    108.962 0.190658 0.0667965 -106.558 -22.7599 0.0197706
108.962 0.190658 0.0667965 -106.558 -22.7599 0.0197706    106.998 0.174774 0.0633181 -104.559 -22.7135 0.0391332
106.998 0.174774 0.0633181 -104.559 -22.7135 0.0391332    105.028 0.160001 0.0600678 -102.562 -22.6289 0.0571563
105.028 0.160001 0.0600678 -102.562 -22.6289 0.0571563    103.054 0.146279 0.057034 -100.566 -22.5087 0.0739121
65.9854 -2.80238 2.64321 60.4342 26.4913 0.0739121    67.8715 -2.19601 2.65329 62.4332 26.6202 -0.542544
67.8715 -2.19601 2.65329 62.4332 26.6202 -0.542544    69.042 -1.72739 2.67719 64.1388 25.5542 -1.03506
23.3573 -2.43097 1.97838 22.1388 -7.44575 -1.03506    24.8732 -1.01203 2.03423 23.0962 -9.23274 -2.50986
24.8732 -1.01203 2.03423 23.0962 -9.23274 -2.50986    23.8129 -0.373867 2.10241 21.4581 -10.325 -3.2162
46.5351 0.132119 2.49279 46.4581 2.67499 -3.2162    44.5525 0.246559 2.48712 44.4636 2.81281 -3.32497
65.5607 0.538782 2.70093 61.4636 22.8128 -3.32497    63.844 0.565677 2.68528 59.4992 23.1496 -3.33622
47.8123 1.50093 2.37571 12.4992 46.1496 -3.33622    47.6726 1.29845 2.33398 10.5323 46.4946 -3.09202
47.6726 1.29845 2.33398 10.5323 46.4946 -3.09202    47.1347 1.14257 2.29358 8.54793 46.3531 -2.89573
47.1347 1.14257 2.29358 8.54793 46.3531 -2.89573    46.3041 1.02005 2.25498 6.63378 45.8265 -2.7346
46.3041 1.02005 2.25498 6.63378 45.8265 -2.7346    45.2575 0.922365 2.21817 4.83125 44.9989 -2.60012
45.2575 0.922365 2.21817 4.83125 44.9989 -2.60012    44.0496 0.843722 2.18295 3.15706 43.9363 -2.48625
44.0496 0.843722 2.18295 3.15706 43.9363 -2.48625    42.7202 0.779948 2.14903 1.61488 42.6897 -2.38855
62.7892 1.4755 1.58036 -38.3851 49.6897 -2.38855    62.5989 1.29234 1.54865 -39.8201 48.301 -2.17368
62.5989 1.29234 1.54865 -39.8201 48.301 -2.17368    62.0492 1.14129 1.51793 -40.9222 46.6419 -1.99192
62.0492 1.14129 1.51793 -40.9222 46.6419 -1.99192    61.2163 1.01511 1.48863 -41.7039 44.8132 -1.83643
61.2163 1.01511 1.48863 -41.7039 44.8132 -1.83643    60.1613 0.908724 1.46087 -42.1916 42.8865 -1.70229
60.1613 0.908724 1.46087 -42.1916 42.8865 -1.70229    58.9318 0.818441 1.43465 -42.4165 40.912 -1.58579
58.9318 0.818441 1.43465 -42.4165 40.912 -1.58579    57.565 0.741481 1.40987 -42.4102 38.9244 -1.48405
79.9631 1.04591 0.89902 -72.4102 33.9244 -1.48405    78.9609 0.94058 0.877375 -72.2109 31.9439 -1.35707
78.9609 0.94058 0.877375 -72.2109 31.9439 -1.35707    77.7822 0.84773 0.856912 -71.762 30.005 -1.24376
77.7822 0.84773 0.856912 -71.762 30.005 -1.24376    76.4589 0.765602 0.837633 -71.0965 28.1291 -1.14235
76.4589 0.765602 0.837633 -71.0965 28.1291 -1.14235    75.0169 0.692784 0.819507 -70.2445 26.3297 -1.05141
73.4115 0.756604 0.741761 -70.2445 21.3297 -1.05141    71.9571 0.678574 0.72306 -69.2318 19.6159 -0.954674
71.9571 0.678574 0.72306 -69.2318 19.6159 -0.954674    70.4002 0.609653 0.705614 -68.0583 18.0069 -0.868307
163.107 0.89279 0.515936 -163.058 -3.99306 -0.868307    161.853 0.845092 0.506386 -161.759 -5.50735 -0.811058
161.853 0.845092 0.506386 -161.759 -5.50735 -0.811058    160.525 0.800022 0.497143 -160.375 -6.94486 -0.756745
160.525 0.800022 0.497143 -160.375 -6.94486 -0.756745    159.132 0.757413 0.488205 -158.915 -8.30524 -0.705198
159.132 0.757413 0.488205 -158.915 -8.30524 -0.705198    157.679 0.717113 0.47957 -157.387 -9.58876 -0.656264
157.679 0.717113 0.47957 -157.387 -9.58876 -0.656264    156.171 0.678985 0.471234 -155.798 -10.7962 -0.609799
156.171 0.678985 0.471234 -155.798 -10.7962 -0.609799    154.615 0.642901 0.463191 -154.154 -11.9288 -0.565673
154.615 0.642901 0.463191 -154.154 -11.9288 -0.565673    153.014 0.608748 0.455436 -152.462 -12.988 -0.523765
152.202 0.622399 0.431974 -151.462 -14.988 -0.523765    150.577 0.588557 0.424314 -149.727 -15.9754 -0.482262
150.577 0.588557 0.424314 -149.727 -15.9754 -0.482262    148.913 0.556541 0.41694 -147.952 -16.8904 -0.442872
109.265 1.6196 -1.07443 -41.9524 -100.89 -0.442872    109.363 1.43379 -1.09272 -40.1368 -101.731 -0.238778
209.748 0.794935 -0.422806 -178.137 -110.731 -0.238778    208.347 0.750886 -0.429612 -176.194 -111.194 -0.187923
208.347 0.750886 -0.429612 -176.194 -111.194 -0.187923    206.885 0.708689 -0.436162 -174.231 -111.557 -0.139176
206.885 0.708689 -0.436162 -174.231 -111.557 -0.139176    205.366 0.668252 -0.442454 -172.252 -111.824 -0.0924482
207.047 0.662992 -0.435568 -174.252 -111.824 -0.0924482    205.471 0.624902 -0.441513 -172.263 -111.999 -0.0484127
205.471 0.624902 -0.441513 -172.263 -111.999 -0.0484127    203.848 0.588371 -0.447207 -170.267 -112.086 -0.00618669
203.848 0.588371 -0.447207 -170.267 -112.086 -0.00618669    202.185 0.55333 -0.452653 -168.27 -112.089 0.0342993
202.185 0.55333 -0.452653 -168.27 -112.089 0.0342993    200.483 0.519717 -0.457851 -166.274 -112.012 0.0731105
200.483 0.519717 -0.457851 -166.274 -112.012 0.0731105    198.747 0.487474 -0.462805 -164.282 -111.857 0.110308
198.747 0.487474 -0.462805 -164.282 -111.857 0.110308    196.98 0.456545 -0.467519 -162.297 -111.629 0.145951
198.371 0.457842 -0.47409 -163.297 -112.629 0.145951    196.577 0.428229 -0.478546 -161.321 -112.33 0.18002
196.577 0.428229 -0.478546 -161.321 -112.33 0.18002    194.758 0.399821 -0.482771 -159.356 -111.965 0.212653
194.758 0.399821 -0.482771 -159.356 -111.965 0.212653    192.915 0.372573 -0.486768 -157.404 -111.536 0.243898
192.915 0.372573 -0.486768 -157.404 -111.536 0.243898    191.053 0.346443 -0.490542 -155.466 -111.046 0.273802
191.053 0.346443 -0.490542 -155.466 -111.046 0.273802    189.171 0.32139 -0.494097 -153.544 -110.499 0.302409
189.171 0.32139 -0.494097 -153.544 -110.499 0.302409    187.274 0.297378 -0.497436 -151.637 -109.898 0.329761
188.084 0.294258 -0.493515 -152.637 -109.898 0.329761    186.17 0.271571 -0.496599 -150.748 -109.245 0.355532
186.17 0.271571 -0.496599 -150.748 -109.245 0.355532    184.244 0.249835 -0.499481 -148.876 -108.544 0.38015
184.244 0.249835 -0.499481 -148.876 -108.544 0.38015    182.306 0.229017 -0.502164 -147.021 -107.797 0.403651
182.306 0.229017 -0.502164 -147.021 -107.797 0.403651    180.358 0.209088 -0.504655 -145.184 -107.007 0.426071
180.358 0.209088 -0.504655 -145.184 -107.007 0.426071    178.402 0.190016 -0.506957 -143.365 -106.177 0.447444
107.907 -0.278188 0.336116 -106.365 -18.1769 0.447444    105.984 -0.244035 0.341206 -104.559 -17.321 0.408202
105.984 -0.244035 0.341206 -104.559 -17.321 0.408202    104.043 -0.212379 0.345766 -102.721 -16.5356 0.371986
175.3 0.266929 -0.507599 -140.721 -104.536 0.371986    173.371 0.243944 -0.510608 -138.861 -103.804 0.39798
173.371 0.243944 -0.510608 -138.861 -103.804 0.39798    171.43 0.221992 -0.513395 -137.02 -103.024 0.422718
171.43 0.221992 -0.513395 -137.02 -103.024 0.422718    169.479 0.201035 -0.515963 -135.198 -102.199 0.446244
169.479 0.201035 -0.515963 -135.198 -102.199 0.446244    167.519 0.181039 -0.51832 -133.396 -101.332 0.468597
95.9743 -0.287013 0.306011 -94.3964 -17.3318 0.468597    94.0562 -0.248523 0.31191 -92.6084 -16.4394 0.424208
94.0562 -0.248523 0.31191 -92.6084 -16.4394 0.424208    92.1176 -0.213203 0.317141 -90.7826 -15.6259 0.383657
92.1176 -0.213203 0.317141 -90.7826 -15.6259 0.383657    90.1629 -0.180842 0.321735 -88.9256 -14.886 0.346703
90.1629 -0.180842 0.321735 -88.9256 -14.886 0.346703    88.1955 -0.151248 0.325724 -87.0426 -14.214 0.313118
88.1955 -0.151248 0.325724 -87.0426 -14.214 0.313118    86.2183 -0.124237 0.329141 -85.1382 -13.6046 0.282691
306.976 0.113995 -0.00289578 -283.138 -118.605 0.282691    304.989 0.110255 -0.00363687 -281.218 -118.045 0.287172
83.1986 -0.0685408 0.245016 -81.2181 -18.0453 0.287172    81.2033 -0.0524481 0.246662 -79.2992 -17.482 0.269433
81.2033 -0.0524481 0.246662 -79.2992 -17.482 0.269433    79.2061 -0.0378884 0.247954 -77.3707 -16.9521 0.253582
79.2061 -0.0378884 0.247954 -77.3707 -16.9521 0.253582    77.2075 -0.0247567 0.24891 -75.4342 -16.4522 0.239494
77.2075 -0.0247567 0.24891 -75.4342 -16.4522 0.239494    75.2081 -0.012953 0.249551 -73.491 -15.9791 0.227049
297.066 0.174032 -0.00370199 -273.491 -115.979 0.227049    295.097 0.168135 -0.00486776 -271.543 -115.527 0.234113
295.097 0.168135 -0.00224677 -271.543 -115.527 0.234113    293.125 0.162412 -0.00338094 -269.598 -115.061 0.24097
293.125 0.162412 -0.000727045 -269.598 -115.061 0.24097    291.151 0.15686 -0.00183032 -267.657 -114.581 0.247625
291.151 0.15686 -0.00229832 -267.657 -114.581 0.247625    289.176 0.151446 -0.00337142 -265.719 -114.089 0.254112
289.176 0.151446 -0.000666286 -265.719 -114.089 0.254112    287.199 0.146199 -0.00170972 -263.783 -113.584 0.260402
287.199 0.146199 -0.00216697 -263.783 -113.584 0.260402    285.22 0.141085 -0.00318145 -261.851 -113.067 0.266531
285.22 0.141085 -0.000423241 -261.851 -113.067 0.266531    283.24 0.136131 -0.00140927 -259.923 -112.539 0.272471
283.24 0.136131 -0.00185495 -259.923 -112.539 0.272471    281.258 0.131304 -0.00281322 -257.997 -111.999 0.278256
281.258 0.131304 -0.00326598 -257.997 -111.999 0.278256    279.276 0.126602 -0.004197 -256.075 -111.448 0.283889
279.276 0.126602 -0.00278527 -256.075 -111.448 0.283889    277.292 0.12204 -0.0036895 -254.155 -110.886 0.289355
277.292 0.12204 -0.00413969 -254.155 -110.886 0.289355    275.306 0.117597 -0.00501773 -252.239 -110.313 0.294677
275.306 0.117597 -0.00214624 -252.239 -110.313 0.294677    273.32 0.113303 -0.00299857 -250.326 -109.731 0.299823
273.32 0.113303 -0.0034357 -250.326 -109.731 0.299823    271.333 0.109122 -0.00426301 -248.416 -109.139 0.304831
271.333 0.109122 -0.00133212 -248.416 -109.139 0.304831    269.345 0.105086 -0.00213487 -246.508 -108.537 0.30967
269.345 0.105086 -0.00255793 -246.508 -108.537 0.30967    267.356 0.101157 -0.0033368 -244.604 -107.926 0.314377
267.356 0.101157 -0.00376693 -244.604 -107.926 0.314377    265.366 0.0973349 -0.00452237 -242.703 -107.306 0.318955
265.366 0.0973349 -0.00150761 -242.703 -107.306 0.318955    263.376 0.0936506 -0.00224004 -240.804 -106.678 0.323372
263.376 0.0936506 -0.00265489 -240.804 -106.678 0.323372    261.384 0.0900669 -0.00336501 -238.908 -106.041 0.327666
261.384 0.0900669 -0.000285188 -238.908 -106.041 0.327666    259.393 0.0866173 -0.00097341 -237.015 -105.396 0.331804
259.393 0.0866173 -0.00292894 -237.015 -105.396 0.331804    257.4 0.0832471 -0.00359596 -235.125 -104.743 0.335841
257.4 0.0832471 -0.00401332 -235.125 -104.743 0.335841    255.407 0.0799706 -0.0046594 -233.237 -104.083 0.339763
255.407 0.0799706 -0.00150981 -233.237 -104.083 0.339763    253.413 0.0768231 -0.00213536 -231.352 -103.415 0.343537
253.413 0.0768231 -0.00253536 -231.352 -103.415 0.343537    251.419 0.0737643 -0.00314107 -229.469 -102.74 0.347201
251.419 0.0737643 -0.00354817 -229.469 -102.74 0.347201    249.425 0.0707922 -0.00413442 -227.589 -102.059 0.350759
249.425 0.0707922 -0.000888303 -227.589 -102.059 0.350759    247.43 0.067944 -0.00145547 -225.711 -101.371 0.354175
247.43 0.067944 -0.00184363 -225.711 -101.371 0.354175    245.434 0.0651777 -0.00239241 -223.836 -100.676 0.35749
245.434 0.0651777 -0.00278764 -223.836 -100.676 0.35749    243.439 0.0624915 -0.00331839 -221.962 -99.9751 0.360707
243.439 0.0624915 -0.00372088 -221.962 -99.9751 0.360707    241.443 0.0598833 -0.00423395 -220.092 -99.2682 0.363828
241.443 0.0598833 -0.00255208 -220.092 -99.2682 0.363828    239.446 0.0573746 -0.00304783 -218.223 -98.5556 0.366833
239.446 0.0573746 -0.0034437 -218.223 -98.5556 0.366833    237.449 0.0549399 -0.00392266 -216.356 -97.8374 0.369746
237.449 0.0549399 -0.00432597 -216.356 -97.8374 0.369746    235.452 0.0525773 -0.00478848 -214.492 -97.1138 0.372571
235.452 0.0525773 -0.00132817 -214.492 -97.1138 0.372571    233.455 0.050329 -0.00177457 -212.629 -96.385 0.375266
233.455 0.050329 -0.00215564 -212.629 -96.385 0.375266    231.458 0.0481484 -0.00258663 -210.769 -95.6511 0.377878
231.458 0.0481484 -0.00297506 -210.769 -95.6511 0.377878    229.46 0.0460337 -0.00339095 -208.91 -94.9125 0.380408
229.46 0.0460337 -0.00378696 -208.91 -94.9125 0.380408    227.462 0.0439834 -0.00418805 -207.054 -94.1691 0.38286
227.462 0.0439834 -0.002391 -207.054 -94.1691 0.38286    225.464 0.0420216 -0.00277761 -205.199 -93.4213 0.385208
225.464 0.0420216 -0.00316528 -205.199 -93.4213 0.385208    223.466 0.0401203 -0.00353793 -203.346 -92.6691 0.387482
223.466 0.0401203 -0.00393334 -203.346 -92.6691 0.387482    221.467 0.0382779 -0.00429232 -201.494 -91.9127 0.389683
221.467 0.0382779 -0.00469571 -201.494 -91.9127 0.389683    219.469 0.0364929 -0.0050413 -199.644 -91.1523 0.391814
219.469 0.0364929 -0.00130269 -199.644 -91.1523 0.391814    217.47 0.0348142 -0.00163517 -197.796 -90.3879 0.393825
217.47 0.0348142 -0.00201182 -197.796 -90.3879 0.393825    215.471 0.0331886 -0.00233193 -195.95 -89.6199 0.395771
215.471 0.0331886 -0.0027164 -195.95 -89.6199 0.395771    213.473 0.0316146 -0.0030244 -194.104 -88.8483 0.397653
213.473 0.0316146 -0.00534785 -194.104 -88.8483 0.397653    211.474 0.0300668 -0.005644 -192.261 -88.0733 0.399497
211.474 0.0300668 -0.00176557 -192.261 -88.0733 0.399497    209.474 0.0286227 -0.00204988 -190.418 -87.2948 0.401225
209.474 0.0286227 -0.00243174 -190.418 -87.2948 0.401225    207.475 0.0272253 -0.00270499 -188.577 -86.5132 0.402896
207.475 0.0272253 -0.00309507 -188.577 -86.5132 0.402896    205.476 0.0258733 -0.00335748 -186.738 -85.7286 0.40451
205.476 0.0258733 -0.00375604 -186.738 -85.7286 0.40451    203.477 0.0245653 -0.00400785 -184.899 -84.941 0.40607
203.477 0.0245653 -0.00441518 -184.899 -84.941 0.40607    201.477 0.0233002 -0.00465661 -183.062 -84.1505 0.407577
201.477 0.0233002 -0.00261262 -183.062 -84.1505 0.407577    199.478 0.0221091 -0.0028439 -181.226 -83.3573 0.408999
199.478 0.0221091 -0.00323935 -181.226 -83.3573 0.408999    197.478 0.0209574 -0.003461 -179.391 -82.5616 0.410372
197.478 0.0209574 -0.00386539 -179.391 -82.5616 0.410372    195.479 0.019844 -0.00407762 -177.558 -81.7633 0.411698
195.479 0.019844 -0.00449125 -177.558 -81.7633 0.411698    193.479 0.0187675 -0.00469427 -175.725 -80.9626 0.412977
193.479 0.0187675 -0.00511746 -175.725 -80.9626 0.412977    191.48 0.017727 -0.00531145 -173.893 -80.1595 0.414212
191.48 0.017727 -0.000989952 -173.893 -80.1595 0.414212    189.48 0.0167874 -0.0011751 -172.063 -79.3543 0.415337
189.48 0.0167874 -0.00375595 -172.063 -79.3543 0.415337    187.48 0.0158486 -0.00393314 -170.233 -78.5469 0.416453
187.48 0.0158486 -0.00435278 -170.233 -78.5469 0.416453    185.48 0.0149413 -0.00452184 -168.404 -77.7376 0.417529
185.48 0.0149413 -0.00495158 -168.404 -77.7376 0.417529    183.481 0.0140645 -0.00511268 -166.576 -76.9263 0.418567
183.481 0.0140645 -0.00555289 -166.576 -76.9263 0.418567    181.481 0.0132173 -0.00570619 -164.748 -76.1131 0.419567
181.481 0.0132173 -0.0011459 -164.748 -76.1131 0.419567    179.481 0.0124722 -0.00129156 -162.922 -75.2981 0.420458
179.481 0.0124722 -0.00169039 -162.922 -75.2981 0.420458    177.481 0.0117521 -0.00182937 -161.096 -74.4815 0.421317
177.481 0.0117521 -0.00458315 -161.096 -74.4815 0.421317    175.481 0.0110211 -0.00471558 -159.271 -73.6633 0.422181
175.481 0.0110211 -0.00516255 -159.271 -73.6633 0.422181    173.481 0.0103146 -0.00528816 -157.447 -72.8436 0.423013
173.481 0.0103146 -0.00574663 -157.447 -72.8436 0.423013    171.481 0.0096317 -0.00586554 -155.623 -72.0224 0.423815
171.481 0.0096317 -0.00103855 -155.623 -72.0224 0.423815    169.482 0.00905387 -0.00115088 -153.801 -71.1997 0.424505
169.482 0.00905387 -0.00156274 -153.801 -71.1997 0.424505    167.482 0.00849507 -0.00166958 -151.978 -70.3758 0.42517
167.482 0.00849507 -0.00209245 -151.978 -70.3758 0.42517    165.482 0.00795453 -0.00219389 -150.156 -69.5506 0.425812
165.482 0.00795453 -0.00514543 -150.156 -69.5506 0.425812    163.482 0.00739092 -0.00524157 -148.335 -68.7243 0.426472
163.482 0.00739092 -0.00571967 -148.335 -68.7243 0.426472    161.482 0.00684553 -0.00581009 -146.514 -67.8968 0.427108
161.482 0.00684553 -0.00630141 -146.514 -67.8968 0.427108    159.482 0.00631755 -0.0063862 -144.694 -67.0682 0.427721
159.482 0.00631755 -0.00119325 -144.694 -67.0682 0.427721    157.482 0.00590147 -0.00127247 -142.874 -66.2385 0.428216
157.482 0.00590147 -0.00170973 -142.874 -66.2385 0.428216    155.482 0.00549778 -0.00178468 -141.055 -65.4078 0.428695
155.482 0.00549778 -0.00491526 -141.055 -65.4078 0.428695    153.482 0.00505988 -0.00498597 -139.236 -64.5763 0.429203
153.482 0.00505988 -0.00548514 -139.236 -64.5763 0.429203    151.482 0.0046349 -0.00555108 -137.417 -63.7439 0.429694
151.482 0.0046349 -0.00606495 -137.417 -63.7439 0.429694    149.482 0.00422217 -0.00612615 -135.599 -62.9106 0.430168
149.482 0.00422217 -0.00665539 -135.599 -62.9106 0.430168    147.482 0.00382099 -0.00671188 -133.781 -62.0765 0.430626
147.482 0.00382099 -0.00109294 -133.781 -62.0765 0.430626    145.482 0.00354214 -0.00114476 -131.964 -61.2415 0.430956
145.482 0.00354214 -0.00161052 -131.964 -61.2415 0.430956    143.482 0.00326915 -0.00165922 -130.147 -60.4059 0.431278
143.482 0.00326915 -0.0050479 -130.147 -60.4059 0.431278    141.482 0.00294748 -0.00509347 -128.33 -59.5698 0.431645
141.482 0.00294748 -0.00563166 -128.33 -59.5698 0.431645    139.482 0.00263301 -0.00567332 -126.514 -58.733 0.432002
139.482 0.00263301 -0.00622874 -126.514 -58.733 0.432002    137.482 0.00232516 -0.00626649 -124.697 -57.8955 0.432347
137.482 0.00232516 -0.00683998 -124.697 -57.8955 0.432347    135.482 0.00202336 -0.0068738 -122.881 -57.0575 0.432683
135.482 0.00202336 -0.000752744 -122.881 -57.0575 0.432683    133.482 0.0018592 -0.000782613 -121.066 -56.2188 0.432877
133.482 0.0018592 -0.00440937 -121.066 -56.2188 0.432877    131.482 0.00163183 -0.00443723 -119.25 -55.3798 0.433132
131.482 0.00163183 -0.00500156 -119.25 -55.3798 0.433132    129.482 0.00140628 -0.00502638 -117.435 -54.5403 0.433382
129.482 0.00140628 -0.00561015 -117.435 -54.5403 0.433382    127.482 0.00118213 -0.00563187 -115.62 -53.7004 0.433628
127.482 0.00118213 -0.0062361 -115.62 -53.7004 0.433628    125.482 0.000958952 -0.00625465 -113.805 -52.86 0.43387
125.482 0.000958952 -0.00688043 -113.805 -52.86 0.43387    123.482 0.000736312 -0.00689572 -111.99 -52.0192 0.434108
123.482 0.000736312 -0.000173998 -111.99 -52.0192 0.434108    121.482 0.000672926 -0.000185924 -110.176 -51.178 0.434183
121.482 0.000672926 -0.00416363 -110.176 -51.178 0.434183    119.482 0.000526136 -0.00417471 -108.361 -50.3366 0.434341
119.482 0.000526136 -0.00478908 -108.361 -50.3366 0.434341    117.482 0.000375216 -0.00479789 -106.547 -49.495 0.434501
117.482 0.000375216 -0.0054356 -106.547 -49.495 0.434501    115.482 0.000219898 -0.00544199 -104.733 -48.6531 0.434663
115.482 0.000219898 -0.00610438 -104.733 -48.6531 0.434663    113.482 5.98965e-05 -0.00610819 -102.919 -47.8108 0.434826
113.482 5.98965e-05 -0.00679674 -102.919 -47.8108 0.434826    111.482 -0.000105095 -0.0067978 -101.105 -46.9683 0.434992
111.482 -0.000105095 -0.0112184 -101.105 -46.9683 0.434992    109.482 -0.000364013 -0.0112165 -99.2914 -46.1255 0.435249
109.482 -0.000364013 -0.00374665 -99.2914 -46.1255 0.435249    107.482 -0.000422021 -0.00374 -97.4778 -45.2823 0.435301
107.482 -0.000422021 -0.00441397 -97.4778 -45.2823 0.435301    105.482 -0.000492269 -0.00440612 -95.6643 -44.4389 0.435363
105.482 -0.000492269 -0.00510861 -95.6643 -44.4389 0.435363    103.482 -0.00057475 -0.00509928 -93.8509 -43.5955 0.435436
103.482 -0.00057475 -0.00583214 -93.8509 -43.5955 0.435436    101.482 -0.0006695 -0.00582104 -92.0375 -42.7519 0.43552
101.482 -0.0006695 -0.010656 -92.0375 -42.7519 0.43552    99.4821 -0.000883538 -0.0106428 -90.2242 -41.9081 0.435721
99.4821 -0.000883538 -0.0115265 -90.2242 -41.9081 0.435721    97.4821 -0.0011037 -0.0115087 -88.411 -41.064 0.435923
97.4821 -0.0011037 -0.00312447 -88.411 -41.064 0.435923    95.4821 -0.00107595 -0.00310183 -86.5981 -40.2196 0.435873
95.4821 -0.00107595 -0.00384786 -86.5981 -40.2196 0.435873    93.4821 -0.00107073 -0.00382532 -84.785 -39.3752 0.435845
93.4821 -0.00107073 -0.00460701 -84.785 -39.3752 0.435845    91.4821 -0.00108761 -0.0045841 -82.972 -38.5309 0.435839
91.4821 -0.00108761 -0.00540406 -82.972 -38.5309 0.435839    89.4821 -0.00112625 -0.00538028 -81.1589 -37.6866 0.435854
89.4821 -0.00112625 -0.01086 -81.1589 -37.6866 0.435854    87.4821 -0.00132402 -0.0108348 -79.3459 -36.8423 0.436026
87.4821 -0.00132402 -0.0118485 -79.3459 -36.8423 0.436026    85.4821 -0.00153385 -0.0118183 -77.533 -35.9976 0.436206
85.4821 -0.00153385 -0.0128849 -77.533 -35.9976 0.436206    83.4821 -0.00175637 -0.012849 -75.7202 -35.1527 0.436393
83.4821 -0.00175637 -0.00306324 -75.7202 -35.1527 0.436393    81.4821 -0.00164383 -0.00302116 -73.9076 -34.3074 0.436238
81.4821 -0.00164383 -0.0039017 -73.9076 -34.3074 0.436238    79.4821 -0.00156978 -0.00386136 -72.0949 -33.4624 0.436124
79.4821 -0.00156978 -0.00999249 -72.0949 -33.4624 0.436124    77.4822 -0.00170753 -0.00995299 -70.2821 -32.6177 0.436222
77.4822 -0.00170753 -0.011075 -70.2821 -32.6177 0.436222    75.4822 -0.00186831 -0.0110309 -68.4693 -31.7727 0.436339
75.4822 -0.00186831 -0.0122191 -68.4693 -31.7727 0.436339    73.4822 -0.00205248 -0.0121696 -66.6567 -30.9275 0.436473
73.4822 -0.00205248 -0.0134302 -66.6567 -30.9275 0.436473    71.4822 -0.00226055 -0.0133744 -64.8441 -30.0822 0.436625
71.4822 -0.00226055 -0.00195715 -64.8441 -30.0822 0.436625    69.4822 -0.00201732 -0.0018939 -63.0317 -29.2365 0.436319
69.4822 -0.00201732 -0.00885204 -63.0317 -29.2365 0.436319    67.4822 -0.00206672 -0.00879397 -61.2191 -28.3914 0.43631
67.4822 -0.00206672 -0.0100492 -61.2191 -28.3914 0.43631    65.4822 -0.00215757 -0.00998795 -59.4064 -27.5463 0.43634
65.4822 -0.00215757 -0.0113284 -59.4064 -27.5463 0.43634    63.4822 -0.00228941 -0.0112625 -57.5937 -26.7012 0.436406
63.4822 -0.00228941 -0.0126973 -57.5937 -26.7012 0.436406    61.4822 -0.00246214 -0.0126251 -55.7811 -25.8559 0.436506
61.4822 -0.00246214 -0.0141644 -55.7811 -25.8559 0.436506    59.4822 -0.00267603 -0.0140843 -53.9686 -25.0105 0.43664
59.4822 -0.00267603 -0.000382756 -53.9686 -25.0105 0.43664    57.4822 -0.0022433 -0.000292779 -52.1561 -24.1649 0.436118
57.4822 -0.0022433 -0.00866924 -52.1561 -24.1649 0.436118    55.4822 -0.00225522 -0.00859119 -50.3433 -23.3202 0.436051
55.4822 -0.00225522 -0.0101273 -50.3433 -23.3202 0.436051    53.4822 -0.00233549 -0.010046 -48.5303 -22.4756 0.43605
53.4822 -0.00233549 -0.0117099 -48.5303 -22.4756 0.43605    51.4822 -0.00248267 -0.0116225 -46.7174 -21.631 0.43611
51.4822 -0.00248267 -0.0134309 -46.7174 -21.631 0.43611    49.4822 -0.00269612 -0.0133344 -44.9045 -20.7864 0.436227
49.4822 -0.00269612 -0.0153068 -44.9045 -20.7864 0.436227    47.4822 -0.00297616 -0.0151978 -43.0917 -19.9415 0.436398
47.4822 -0.00297616 -0.0257907 -43.0917 -19.9415 0.436398    45.4822 -0.0037978 -0.0256653 -41.2791 -19.0964 0.437095
45.4822 -0.0037978 -0.00846464 -41.2791 -19.0964 0.437095    43.4822 -0.00345908 -0.00829764 -39.467 -18.2501 0.436589
43.4822 -0.00345908 -0.0102759 -39.467 -18.2501 0.436589    41.4823 -0.00329376 -0.0101168 -37.6544 -17.4047 0.436264
41.4823 -0.00329376 -0.0123073 -37.6544 -17.4047 0.436264    39.4823 -0.00329092 -0.0121485 -35.8416 -16.5599 0.436103
39.4823 -0.00329092 -0.0145876 -35.8416 -16.5599 0.436103    37.4823 -0.00344266 -0.0144209 -34.0287 -15.7153 0.436088
37.4823 -0.00344266 -0.0277534 -34.0287 -15.7153 0.436088    35.4823 -0.00449869 -0.0275697 -32.2157 -14.8709 0.43696
35.4823 -0.00449869 -0.0312327 -32.2157 -14.8709 0.43696    33.4823 -0.00557811 -0.0309791 -30.4034 -14.025 0.437786
33.4823 -0.00557811 -0.00801351 -30.4034 -14.025 0.437786    31.4823 -0.00455035 -0.00768032 -28.5917 -13.1777 0.436425
31.4823 -0.00455035 -0.0104555 -28.5917 -13.1777 0.436425    29.4824 -0.0039906 -0.0101664 -26.7789 -12.3328 0.435576
29.4824 -0.0039906 -0.0133613 -26.7789 -12.3328 0.435576    27.4824 -0.00384557 -0.0130906 -24.9655 -11.4894 0.435161
27.4824 -0.00384557 -0.0168081 -24.9655 -11.4894 0.435161    25.4824 -0.0040772 -0.0165282 -23.1516 -10.6468 0.435112
25.4824 -0.0040772 -0.036244 -23.1516 -10.6468 0.435112    23.4824 -0.00627003 -0.035924 -21.3377 -9.80439 0.436985
23.4824 -0.00627003 -0.0423964 -21.3377 -9.80439 0.436985    21.4825 -0.00841447 -0.0418624 -19.5252 -8.95894 0.438596
21.4825 -0.00841447 -0.0496747 -19.5252 -8.95894 0.438596    19.4825 -0.0106638 -0.0488913 -17.7138 -8.11103 0.440061
19.4825 -0.0106638 -0.0111734 -17.7138 -8.11103 0.440061    17.4826 -0.00671961 -0.0100787 -15.9035 -7.26102 0.435023
17.4826 -0.00671961 -0.0158926 -15.9035 -7.26102 0.435023    15.4827 -0.00530014 -0.0151239 -14.0891 -6.41956 0.432834
15.4827 -0.00530014 -0.0470279 -14.0891 -6.41956 0.432834    13.4827 -0.00997674 -0.0463433 -12.273 -5.58191 0.436826
13.4827 -0.00997674 -0.0596758 -12.273 -5.58191 0.436826    11.4828 -0.01438 -0.0581959 -10.4595 -4.73847 0.43975
11.4828 -0.01438 -0.0765987 -10.4595 -4.73847 0.43975    9.48302 -0.0196455 -0.0740942 -8.64772 -3.89159 0.442511
9.48302 -0.0196455 -0.101115 -8.64772 -3.89159 0.442511    7.4834 -0.0273626 -0.0969716 -6.83691 -3.0427 0.446085
7.4834 -0.0273626 -0.0138304 -6.83691 -3.0427 0.446085    5.48415 0.00427431 -0.00651844 -5.02654 -2.19313 0.407136
5.48415 0.00427431 -0.0896597 -5.02654 -2.19313 0.407136    3.48417 -0.0471166 -0.0912185 -3.19127 -1.3983 0.460086
