415, 23 到 440, 13, 第 1
415, 23 到 440, 13, 第 6
190, 20 到 200, 10, 第 7
415, 23 到 440, 13, 第 8
415, 23 到 440, 13, 第 10
415, 23 到 440, 13, 第 11
190, 20 到 200, 10, 第 12
415, 23 到 440, 13, 第 13
190, 20 到 200, 10, 第 14
110, 20 到 120, 10, 第 15
415, 23 到 440, 13, 第 17
110, 20 到 120, 10, 第 18
190, 20 到 200, 10, 第 20
415, 23 到 440, 13, 第 21
190, 20 到 200, 10, 第 22
190, 20 到 200, 10, 第 23
190, 20 到 200, 10, 第 24
280, 10 到 310, 28, 第 25
270, 20 到 280, 10, 第 27
415, 23 到 440, 13, 第 28
415, 23 到 440, 13, 第 29
190, 20 到 200, 10, 第 30
415, 23 到 440, 13, 第 32
110, 20 到 120, 10, 第 34
190, 20 到 200, 10, 第 35
190, 20 到 200, 10, 第 37
415, 23 到 440, 13, 第 38
415, 23 到 440, 13, 第 39
415, 23 到 440, 13, 第 42
415, 23 到 440, 13, 第 43
190, 20 到 200, 10, 第 45
415, 23 到 440, 13, 第 51
190, 20 到 200, 10, 第 52
190, 20 到 200, 10, 第 53
270, 20 到 280, 10, 第 55
310, 28 到 350, 20, 第 56
270, 20 到 280, 10, 第 57
415, 23 到 440, 13, 第 59
415, 23 到 440, 13, 第 61
415, 23 到 440, 13, 第 63
415, 23 到 440, 13, 第 65
415, 23 到 440, 13, 第 67
415, 23 到 440, 13, 第 68
415, 23 到 440, 13, 第 70
415, 23 到 440, 13, 第 72
415, 23 到 440, 13, 第 75
415, 23 到 440, 13, 第 77
190, 20 到 200, 10, 第 78
415, 23 到 440, 13, 第 80
310, 28 到 350, 20, 第 81
270, 20 到 280, 10, 第 83
270, 20 到 280, 10, 第 84
190, 20 到 200, 10, 第 85
415, 23 到 440, 13, 第 88
415, 23 到 440, 13, 第 91
360, 10 到 390, 28, 第 92
415, 23 到 440, 13, 第 96
190, 20 到 200, 10, 第 97
415, 23 到 440, 13, 第 98
415, 23 到 440, 13, 第 100
190, 20 到 200, 10, 第 101
415, 23 到 440, 13, 第 102
190, 20 到 200, 10, 第 106
190, 20 到 200, 10, 第 108
415, 23 到 440, 13, 第 109
110, 20 到 120, 10, 第 111
415, 23 到 440, 13, 第 114
190, 20 到 200, 10, 第 116
280, 10 到 310, 28, 第 117
280, 10 到 310, 28, 第 118
190, 20 到 200, 10, 第 119
415, 23 到 440, 13, 第 121
415, 23 到 440, 13, 第 124
415, 23 到 440, 13, 第 126
415, 23 到 440, 13, 第 128
415, 23 到 440, 13, 第 130
415, 23 到 440, 13, 第 132
415, 23 到 440, 13, 第 134
415, 23 到 440, 13, 第 135
190, 20 到 200, 10, 第 137
350, 20 到 360, 10, 第 138
415, 23 到 440, 13, 第 139
350, 20 到 360, 10, 第 140
415, 23 到 440, 13, 第 143
415, 23 到 440, 13, 第 145
190, 20 到 200, 10, 第 146
190, 20 到 200, 10, 第 147
280, 10 到 310, 28, 第 148
270, 20 到 280, 10, 第 150
360, 10 到 390, 28, 第 151
190, 20 到 200, 10, 第 152
270, 20 到 280, 10, 第 153
190, 20 到 200, 10, 第 154
415, 23 到 440, 13, 第 155
415, 23 到 440, 13, 第 158
415, 23 到 440, 13, 第 160
190, 20 到 200, 10, 第 161
415, 23 到 440, 13, 第 165
415, 23 到 440, 13, 第 168
415, 23 到 440, 13, 第 171
350, 20 到 360, 10, 第 172
270, 20 到 280, 10, 第 173
415, 23 到 440, 13, 第 175
415, 23 到 440, 13, 第 176
415, 23 到 440, 13, 第 179
415, 23 到 440, 13, 第 181
190, 20 到 200, 10, 第 182
190, 20 到 200, 10, 第 184
190, 20 到 200, 10, 第 185
280, 10 到 310, 28, 第 186
270, 20 到 280, 10, 第 188
190, 20 到 200, 10, 第 189
190, 20 到 200, 10, 第 190
350, 20 到 360, 10, 第 191
190, 20 到 200, 10, 第 192
350, 20 到 360, 10, 第 193
415, 23 到 440, 13, 第 194
415, 23 到 440, 13, 第 196
415, 23 到 440, 13, 第 198
280, 10 到 310, 28, 第 199
415, 23 到 440, 13, 第 200
415, 23 到 440, 13, 第 203
415, 23 到 440, 13, 第 204
415, 23 到 440, 13, 第 205
415, 23 到 440, 13, 第 206
415, 23 到 440, 13, 第 207
415, 23 到 440, 13, 第 212
415, 23 到 440, 13, 第 213
190, 20 到 200, 10, 第 214
415, 23 到 440, 13, 第 215
415, 23 到 440, 13, 第 217
415, 23 到 440, 13, 第 219
110, 20 到 120, 10, 第 220
415, 23 到 440, 13, 第 224
270, 20 到 280, 10, 第 225
190, 20 到 200, 10, 第 226
190, 20 到 200, 10, 第 227
415, 23 到 440, 13, 第 228
415, 23 到 440, 13, 第 229
190, 20 到 200, 10, 第 230
190, 20 到 200, 10, 第 231
350, 20 到 360, 10, 第 232
120, 10 到 150, 28, 第 233
390, 28 到 415, 23, 第 234
390, 28 到 415, 23, 第 235
190, 20 到 200, 10, 第 236
415, 23 到 440, 13, 第 237
415, 23 到 440, 13, 第 238
415, 23 到 440, 13, 第 239
190, 20 到 200, 10, 第 240
350, 20 到 360, 10, 第 241
350, 20 到 360, 10, 第 242
110, 20 到 120, 10, 第 243
310, 28 到 350, 20, 第 244
415, 23 到 440, 13, 第 248
