415, 23 可 0
195, 15 可 1
275, 15 可 2
355, 15 可 3
115, 15 可 4
310, 28 可 5
390, 28 可 6
150, 28 可 7
230, 28 可 8
38, 37 可 9
755, 38 可 10
680, 38 可 11
720, 47 可 12
600, 56 可 13
818, 62 可 14
440, 6 可 15
39, 115 可 16
790, 110 可 17
826, 112 可 18
488, 70 可 19
823, 160 可 20
542, 110 可 21
520, 92 可 22
39, 195 可 23
540, 150 可 24
826, 225 可 25
540, 190 可 26
39, 275 可 27
540, 220 可 28
560, 241 可 29
488, 270 可 30
524, 236 可 31
821, 280 可 32
595, 267 可 33
195, 340 可 34
235, 340 可 35
115, 340 可 36
275, 340 可 37
55, 334 可 38
80, 342 可 39
155, 340 可 40
315, 340 可 41
355, 340 可 42
388, 339 可 43
24, 360 可 44
415, 343 可 45
440, 355 可 46
680, 305 可 47
445, 405 可 48
22, 445 可 49
720, 338 可 50
747, 360 可 51
445, 450 可 52
744, 400 可 53
22, 525 可 54
747, 433 可 55
160, 490 可 56
277, 502 可 57
460, 490 可 58
20, 603 可 59
733, 520 可 60
489, 530 可 61
525, 564 可 62
168, 664 可 63
80, 663 可 64
100, 667 可 65
120, 663 可 66
140, 667 可 67
360, 669 可 68
430, 664 可 69
388, 672 可 70
40, 675 可 71
460, 646 可 72
200, 663 可 73
511, 605 可 74
320, 681 可 75
552, 586 可 76
694, 600 可 77
240, 677 可 78
280, 708 可 79
34, 765 可 80
280, 735 可 81
595, 602 可 82
666, 636 可 83
280, 775 可 84
542, 810 可 85
606, 748 可 86
677, 677 可 87
140, 840 可 88
280, 797 可 89
568, 780 可 90
390, 848 可 91
40, 840 可 92
760, 760 可 93
460, 853 可 94
520, 843 可 95
175, 840 可 96
200, 849 可 97
100, 840 可 98
120, 850 可 99
297, 810 可 100
360, 871 可 101
435, 858 可 102
0, 40 可 103
0, 120 可 104
0, 200 可 105
0, 280 可 106
0, 360 可 107
0, 440 可 108
0, 520 可 109
0, 680 可 110
0, 760 可 111
0, 840 可 112
40, 880 可 113
120, 880 可 114
200, 880 可 115
280, 880 可 116
440, 880 可 117
520, 880 可 118
600, 880 可 119
680, 880 可 120
760, 880 可 121
840, 880 可 122
840, 840 可 123
830, 200 可 124
840, 40 可 125
47, 70 可 126
47, 150 可 127
47, 230 可 128
32, 410 可 129
445, 425 可 130
32, 490 可 131
33, 570 可 132
42, 730 可 133
40, 795 可 134
880, 840 可 135
880, 760 可 136
880, 680 可 137
880, 600 可 138
880, 520 可 139
880, 440 可 140
880, 360 可 141
880, 280 可 142
880, 200 可 143
880, 120 可 144
880, 40 可 145
840, 0 可 146
760, 0 可 147
680, 0 可 148
600, 0 可 149
520, 0 可 150
40, 0 可 151
